,entry_type,entry_id,diarynum,text,year,first_name,last_name,info
0,0,342994,38,"Сто сорок второй день войны. Понедельник. Можно по-разному переживать наши грозные события: бороться на передовой линии огня или в воздухе отражать налеты стервятников, стоять у станков, изготавливающих танки и снаряды, или продолжать свою прежнюю обычную работу мирных дней, но нужную для всех обороняющих город — продавать хлеб, отпускать обеды, стоять на посту — т. е. непосредственно обслуживающую оборону, и делать такую работу, которая сейчас никому не нужна, которую можно отложить, переключившись на непосредственную или опосредствованную оборонную работу. Сколько еще людей у нас в Ленинграде занято такой не необходимой для обороны работой. Конкретно: у нас в Архиве Л. Б. Модзалевский ведет работу по составлению библиографических примечаний к издаваемым нами письмам Ломоносова, в свое время уже опубликованным, но только в разных изданиях. А. И. Андреев занимается отчасти историей Академии наук, отчасти учеными сношениями русских с американцами в XVIII веке. И. С. Лосева и П. М. Стулов составляют указатели к напечатанному нами «Путеводителю». Но ведь это все может подождать. Сейчас другие работы главные. В Архиве главнейшая непосредственная для обороны сейчас — охрана, тяжелая, ответственная и боевая работа, но для этого нужно шесть человек. Остальные должны бы работать на непосредственную оборону. Таким как комсомолка Костыгова, партийка Беркович — место на заводе у станка. Андреев, Модзалевский, Стулов могли бы заменить тех на производстве, которыми можно было бы удвоить, утроить наши отряды бойцов. Меня можно было бы утилизовать по внутреннему совместительству, по управленческому аппарату, засадить считать, контролировать, в силу чего были бы освобождены другие для более важных работ. Такой перестройки покуда нет. Мы, словно в мирное время, сидим целый день над такими работами, которые сейчас никому не нужны. Мы еще очень сильны, значит. И такое положение не только у нас, не только в институтах Академии, но и во многих других учреждениях. Ведь есть у нас четкий ясный лозунг — «Все наши силы на поддержку нашей героической Красной Армии, нашего славного Красного Флота! Все силы народа на разгром врага!» (Сталин).    
Враг злобствует. Каждый день обстрел и бомбежки нашего города. Вчера в течение получаса обстреливался район улицы Блохина на Петроградской стороне. Почти все фасады домов на самой улице без стекол, в некоторых домах от разорвавшихся снарядов возникли пожары. Где-то в районе улицы Гоголя бомбой разрушен дом. По газетным сводкам фронт тянется от Финского залива к верховьям Невы по левому берегу. Враг окопался, создал доты, заминировал подступы. В сентябре и октябре он потерял под Ленинградом не менее 350 тысяч. План покончить с нашим городом в сентябре и все силы свои стянуть в октябре — не удался. Ленинград защищает не только себя, но и Москву.    
А Москва переживает страшные испытания. Только что пришли известия о бомбежке перед праздником Московского университета и Большого театра. Корреспонденцию прилагаю.    
«Взорванный памятник Ломоносову лежит в грязи, в мокрой каше осенних пожелтевших листьев. Молодые люди блуждают по грудам стекла, устилающим аудитории. Это очень тяжело видеть, когда вражеская бомба разрушает дом, с которым связаны мечты, душевные порывы, юношеские радости и чаяния; дни и годы становления характеров и формирования воли тысяч и тысяч людей. Теперь они молчат, охваченные только одним чувством — ненавистью и гневом, священным гневом».    
«На войне надо уметь мириться с потерями...» Но есть ранения, которые затрагивают самую душу народа. Под угрозой не только наши материальные, но и духовные ценности — великая русская культура! И, быть может, я не прав был на первых страницах записей сегодняшнего дня, быть может, и наша работа, такая далекая от надобностей огневого фронта, сдавливающего Ленинград, и наша культурная работа нужна. Нужна и сейчас, именно сейчас, научно изданная переписка Ломоносова, наш «Путеводитель» по Архиву!.. Никто не может поручиться, что сделают с Архивом науки германские нацисты, и все, что укрепляет русскую культуру, может быть, такая же непосредственная работа для обороны?    
Я начал больше уставать, в холоде сидя 5—6 часов, простудился; есть хочется... Но ничего! У меня еще много сил, воли и энергии для преодоления трудностей. Я боец на культурном фронте!    
Борьба принимает сверхожесточенный характер. Вот лозунг дня:    
«Немецкие захватчики хотят иметь истребительную войну с народами СССР. Что же, если немцы хотят иметь истребительную войну, они ее получат. Отныне наша задача, задача народов СССР, задача бойцов, командиров и политработников нашей армии и нашего флота будет состоять в том, чтобы истребить всех немцев до единого, пробравшихся на территорию нашей родины в качестве ее оккупантов. Никакой пощады немецким оккупантам. Смерть немецким оккупантам».    
Это говорил Сталин. И это стало законом. Разбойникам, забравшимся в наш дом, никакой пощады! Это ясно всем. Под угрозой вся наша культура.    
«Люди с моралью животных имеют наглость призывать к уничтожению великой русской нации Плеханова и Ленина, Белинского и Чернышевского, Пушкина и Толстого, Глинки и Чайковского, Горького и Чехова, Сеченова и Павлова, Репина и Сурикова, Суворова и Кутузова!» (Сталин)    
«Никакой пощады врагу. Но и у нас нет и не может быть таких целей войны, как захват чужих территорий, покорение чужих народов. Наша первая цель состоит в том, чтобы освободить наши территории и наши народы от немецко-фашистского ига». (Сталин)    
И тем досаднее напечатанные в «Л[енинградской] правде» «стихи» некоего $$Б. Лихарева — «Ты будешь выть, Германия»$$. Вот эти вирши:    
>    
>Если ты встретился с бешеным псом,    
>в пса стреляют,    
>если змея заползла в твой дом,    
>гадину убивают.    
>С немцем кровавым, как быть с врагом?    
>Люди советские знают!    
>Штыком его, заразу!    
>Да так, чтоб заорал!    
>Чтоб вывалился сразу    
>Тот хлеб, что он сожрал.    
>Всех белобрысых и черных и рыжих,    
>    толстых и тонких всех истребим.    
>Смертью грозишь нам, поганец! Умри же!    
>    Пуля просвищет.    
>И меньше одним!    
>Узнай, что значит русский гнев,    
>    мы не Париж, не Дания.    
>И вся от страха побелев, ты будешь выть,    
>    Германия.    
>Ты будешь с горя косы рвать,    
>метаться на ветру    
>и немки подлые рожать    
>не станут немчуру.    
>Пройдем великою грозой,    
>дыхнем дыханием зимы    
>и над немецкою слезой    
>смеяться будем мы.    
>Будь им земля могилой,    
>Край мой не покорить.    
>Дай нам, о Родина, силы    
>Быть! Быть! Быть!    
>    
Я нарочно выписал целиком этот документ. Вот куда можно скатиться. «И немки подлые рожать не станут немчуру». И напечатано это в той же газете, где помещена мудрая и гневная речь Сталина.    
Узбекский поэт Хаим Алимджан пишет на своем языке о Москве. Вот перевод С. Сомовой:    
>Ночь настает. На крыльях смерть неся,    
>с глазами, налитыми черной кровью,    
>стервятники взлетают в небеса,    
>как оборотни рыщут над Москвою.    
>Врагу навстречу гневная Москва,    
>в броне из стали, матовой от дыма,    
>встает. Она бесстрашна и сильна,    
>и ненависть ее неизмерима.    
>Стервятникам не избежать нигде    
>лучей прожектора, свинцовой силы.    
>Безмолвные просторы площадей    
>разверзнутся и станут им могилой.    
>Москвы не знаешь ты, коварный враг,    
>и разобьешься об ее твердыни,    
>и по ветрам развеется твой прах,    
>и память о тебе навеки сгинет.    
>Москва моя, народов светлый дом,    
>Твоим щитом стоят бойцов отряды.    
>Пусть знает враг — за жизнь мы жизнь возьмем    
>и кровь за кровь прольем мы без пощады.    
>Москва моя! Любой из нас хранит тебя,    
>как сердце, как свое дыхание.    
>Непоколебим навеки твой гранит,    
>незыблемо знамен твоих дыханье.    
>    
Вера Инбер посвящает Москве стихи «Единый путь».    
>    
>Можайск. Калинин. Малоярославец.    
>Какие это русские места.    
>Еще был молод Петербург-красавец,    
>Еще Нева была полупуста,    
>а там уже раздвинулись простором    
>Тверские и можайские леса.    
>А там в Москве уже являлась взорам    
>Кремлевских башен древняя краса.    
>Когда внезапно перешедши Неман,    
>Приблизился к Москве Наполеон,    
>Он встречен был огнем, пожаром гнева,    
>Он ненавистью был испепелен.    
>И вот опять истории страница    
>покрыта кровью подмосковных битв,    
>тремя путями враг к Москве стремится —    
>Путем единым будет он отбит.    
>И этот путь — такая жажда мести,    
>Когда тебе и жизнь не дорога,    
>когда ты сам хотел бы с пулей вместе    
>Войти летучей смертью в грудь врага.    
>Живую силу немцев уничтожить,    
>Движение их танков задержать!    
>Москва!.. Она не русской быть не может,    
>Как человек не может не дышать.    
>    
Правда, это не стихи, а проза в стихах, но тема, тема-то уж очень сейчас жгучая!    
Стихи Москве азербайджанского поэта Самеда Вургуна «Сердце отчизны святой»:    
>    
>О, Москва моя, вечно живая заря!    
>Ты живешь, вдохновенье сердцу даря.    
>Я познал материнскую ласку твою    
>И в сыновней груди твое пламя таю.    
>И в огне испытаний дороже всего    
>Наша кровная дружба, наше родство.    
>Ты навек нерушима, родная Москва.    
>Русский брат — это гордость твоя и любовь,    
>Это ленинский дом, это солнечный кров...    
>Город сердца — свободу несешь ты в руках.    
>Ты отвагой пылаешь — и клич на устах:    
>Я с тобою, ружье наготове мое.    
>Москва!    
>Это лучшее слово мое. Сокровенное    
>    сердце отчизны своей,    
>Человечество слито с твоей красотой.    
>Ты надежда народа. О, Родина мать,    
>Можно ли сердце живое от тела отнять!    
>И Москве величавой навеки верны    
>Поднимаются в бой дорогие сыны.    
>Это бой принимает московский народ,    
>Это сердце бойца баррикадой живет,    
>Это — песня и воля, и камень и штык    
>Не минуют врага и разят напрямик.    
>И убийц окровавленных бешеный сброд    
>лишь могилу себе под Москвою найдет.    
>    
Пусть это риторика. Но это голос из Баку одного из многих сынов наших союзных республик. И голос этот особенно дорог в дни страшных испытаний советской родины, самое сердце которой в смертельной опасности.    
Вот Москва в отображении $$Лермонтова$$ сто лет тому назад:    
>    
>Москва, Москва!.. Люблю тебя, как сын,    
>как русский, сильно, пламенно и нежно!    
>Люблю священный блеск твоих седин    
>И этот Кремль зубчатый, безмятежный.    
>Напрасно думал чуждый властелин    
>С тобой, столетним русским великаном,    
>Померяться главою и обманом    
>Тебя низвергнуть. Тщетно поражал    
>тебя пришлец: ты вздрогнул — он упал!    
>Вселенная замолкла... Величавый, один ты жив,    
>Наследник нашей славы. Ты жив!    
>Ты жив, и каждый камень Твой —    
>Заветное преданье поколений.    
>    
Так перекликается с современными тяжкими днями Москвы в октябре—ноябре 1941 г[ода] наш великий поэт. И образ героя-полковника так близок нам: «И молвил он, сверкнув очами: „Ребята! не Москва ль за нами? Умрем же под Москвой, Как наши братья умирали!“ И умереть мы обещали...»",1941,Георгий,Князев,"Историк, архивист, директор Архива АН СССР в Ленинграде, свидетель блокады Ленинграда. "
1,0,197907,544,"Вечером позвонил поэт С. Маршак<com id=""148145319814147""/>: «Я буду у Тихонова. Зайдите за мной, пойдем, попрощаемся со Шмидтом»<com id=""148145319814148""/>.    
Николай Тихонов остановился в гостинице «Москва», №735. Седой, но с молодым лицом. Резкие черты. Похож на рисунок Гойи<com id=""148145319814149""/>. Влюбленно рассказывал о Ленинграде. Говорил, как жители переносят все лишения, сознавая все значение событий. Кажется, никто бы не удивился, если бы увидел на улицах города товарища Кирова<com id=""148145319814150""/>, — так все здесь героично. Борис Бродянский<com id=""148145319814151""/> рассказывал Тихонову, что встретил на улице голодающего старика. Шел как-то нервно, а потом вдруг свалился. Голодающие, как и утопающие, разводят руками, словно пытаются выплыть. Бродянский поднял старика, помог ему пройтись, дал ему кусочек хлеба. Старик совсем оправился. Бродянский проводил его до двери квартиры, — оказалось недалеко. Пожав руку Бродянскому, старик сказал: а знаете ли, молодой человек, имя нашего города? Героический Илион!<com id=""148145319814152""/>    
Оказалось, старик преподавал античную историю. Бродянский быстро нашелся и ответил ему: Да, но троянского коня мы не пустим к себе.    
Тихонов хочет писать поэму об обороне Ленинграда. Условились, что материал добудем. Жаль было уходить, а с нами пойти не мог: ждал кого-то. Жаловался, что в Ленинграде нет художников, которые бы передали облик чудесного города-героя.    
У Шмидта застали академика П. Л. Капицу<com id=""148145319814153""/>. Простуженный. Потерял горло. Говорил об Англии. Рассказал, что был как-то приглашен к Уэллсу<com id=""148145319814154""/>. Пришел, позвонил. У дверей стоят двое. Который из них Уэллс?    
Давно его не видел. Кому дать пальто, а кому — руку. Сунул пальто наугад одному, а тот передал другому. Так Капица узнал, кто из двух Уэллс.    
Заговорили о современных писателях Англии. Бернард Шоу<com id=""148145319814155""/>. Маршак рассказал о приеме Шоу в Ленинграде. Было это в годы, когда мы стали постепенно выкарабкиваться из голода. На приеме был богатый завтрак. Шло все очень вяло. Рассмешил всех не Шоу, а Зощенко<com id=""148145319814156""/>. Насытившись, он вдруг сказал: Эх! Каждую бы неделю по такому старичку! Все расхохотались. Шоу стал спрашивать, в чем дело, но Маршак не рискнул ему перевести.    
Шмидт считает, что Зощенко однообразен и притом занимается слишком малой темой. Маршак и Капица высоко ценят художественный талант Зощенко, но Капица признал, что писателю надо быть более разносторонним. Маршак читал свои новые стихи. Вспомнил свои довоенные стихи о неизвестном герое. С увлечением рассказывал, что его приглашали на вечер самодеятельности партизанок. Одна из них, награжденная орденом, добавила, что будет читать стихи Маршака о неизвестном герое и боится, что присутствие автора смутит ее.    
Какая красивая скромность! Настоящая героиня, а стихи читает о каком-то маленьком эпизоде — молодой человек спас ребенка на пожаре.    
Сегодня Капица читал в Военно-политической академии имени Ленина доклад: «Физика и война». Среди записок, поданных по окончании лекции, была следующая: чем объяснить, что Фарадеевская медаль<com id=""148145319814157""/> была вручена советскому физику? (Капица получил эту медаль несколько дней тому назад.) Капица ответил: благодаря победам Красной армии. Ответ был встречен аплодисментами.",1942,Исаак,Минц,"Историк, специалист по новейшей истории. Доктор исторических наук (1936), член-корреспондент (1939), действительный член АН СССР по Отделению истории и философии (1946). Герой Социалистического Труда."
2,0,269120,1022,"Перечитываю Бальзака. Он очень увлек меня. Переписываю свои стихи за годы войны. И они мне теперь нравятся больше, нежели тогда, когда я их писал. Любопытно: больше всего стихов в то время, когда я жил в Скиту или ежедневно ходил туда. Природа — истинная моя муза. Только около неё я постоянно вдохновляюсь. А сейчас, когда я за все лето только 3 раза был в лесу по-настоящему, так мало стихов.",1944,Сергей,Волков,"Мемуарист, поэт, библиотекарь Московской Духовной Академии."
3,1,192184,146,"Г<ригорий> Я<ковлевич> говорил сегодня с мамой и папой о моих стихах. Советовал мне показать их Александру Лаврентьичу<com id=""148112562014553""/>. Что ж, покажу! Попытка не пытка. Похвалы одного Г<ригория> Я<ковлевича> не довольно основательная причина, чтобы уверовать в свой талант. Впрочем, не будь веры, я бы все равно не писал, т. что пользы от этого не будет. Все равно перепишу и подам.",1905,Виктор,Жирмунский,"Лингвист и литературовед, доктор филологических наук, профессор, академик АН СССР. "
4,1,364658,991,"Звонила новая знакомая. Фактически это был предпоследний наш разговор. «Я должна у тебя просить прощения?», — спросила она всё-таки. «За что?», — спросила я. «Мы с тобой повздорили», — заявила она. Ответ меня удивил, но такое часто бывает с людьми. Это была ложь. Я стараюсь ни с кем ни вздорить. Я слежу за собой. Опять человек свои недостатки взваливает на другого. Прощения эта женщина так и не попросила. Я сразу прощаю. Но легче прощать и забывать, если у тебя просят прощения. Это факт.    
Я сказала: «Я с тобой спокойно вела беседу, я всячески старалась тебе помочь». Последовал совет: «Надо было спросить — чем тебе помочь?» Я сказала, что могла помочь только поддержкой, мыслями, советами, сочувствием. Это тоже помощь. Как часто, когда я болею, и друзья об этом знают, и никто мной не интересуется, мне неприятно и грустно. Помрёшь и никто не узнает.    
А почему бы этой молодой, ничего не делающей женщине, мне задать вопрос, не нужно ли мне помочь?    
                      
С Машей поэтом гуляли в парке, она читала мне свои стихи, они у неё философские. Я дала ей урок правильного чтения стихов. Кое-что мне удалось. Мало кто из чтецов интуитивно чувствует, какие интонации надо делать, где сделать люфтпаузу, где замедлить темп, где ускорить, где голосом поиграть, его тембральными красками и так далее. Я сказала ей о своём чтении стихов: «Я мастер. Ты слышишь, как я читаю стихи?»    
                      
Писала стихи:    
>Зачем куда-то ехать, ждать чего?    
>Всё под рукой. Скажи: все встречи    
>Дадут ли более того, что было?    
>Какая цель в остатке яркой жизни?    
>Мечтать о чём? О тихом раставаньи    
>С Землёй и Солнцем, с душами родными?    
>Но Жизнь всегда влечёт своих детей.    
                      
>2 августа 2016 г.    
                      
Написала шуточные стихи о наших занятиях в клубе:    
>Увольте от тостов меня.    
>Что, мне не хватает огня    
>Будить, опекать и прощать?    
>Ну, дайте же мне понять,    
>Зачем эти тосты, друзья?    
                      
>Ко мне приставать уж нельзя.    
>От них не меняется жизнь.    
>Стоим мы на месте. Держись    
>За совесть. Катиться вниз    
>Не стоит. Лишь Богу молись.    
                      
> (2 августа 2016 г.)",2016,Галина,Ларская,"Певица, художница, поэтесса, преподаватель фортепиано, выпускница дирижёрско-хорового отделения Музыкального училища им. Октябрьской революции. Друг [В.И. Поветкина](http://prozhito.org/person/980)."
5,1,364381,991,"Снился кто-то молодой, знакомый, похожий на рыцаря.    
                      
Гуляла почти два часа в парке, очень рада этому.    
                      
На балете появилось новое лицо. Черты лица почти правильные, но тепла от него нет.    
                      
Сегодня родился тот, по милости кого я четыре года была в состоянии душевной смерти в молодости. Я была благодушна, поздравила его по скайпу, написав ему добрые слова. Он откликнулся: «И вам так же». Он давно стал скептиком. Я спросила его о том, где найти его стихи. Он посоветовал пойти в музей Цветаевой, может быть, там остались его книги. На вопрос о его прозе ответа не последовало. В интернете я его прозу не нашла, она не открывается, недоступна.    
                      
Вчетвером зашли мы после балета в вегетарианское кафе Джаганат. Я имею по карточке скидки, мы хотели купить напиток имбирь. Но у кассы оказалось, что он в два раза подорожал. Я почувствовала, что невольно обдурила моих подруг. Мне было неловко, я извинилась. Потом я решила, что подарю девушкам что-нибудь.    
                      
Уроков фортепьяно у меня с моей подругой после лета нет, она устала от депрессивного состояния, сама немного играет дома, но заниматься не хочет, а я горюю.",2015,Галина,Ларская,"Певица, художница, поэтесса, преподаватель фортепиано, выпускница дирижёрско-хорового отделения Музыкального училища им. Октябрьской революции. Друг [В.И. Поветкина](http://prozhito.org/person/980)."
6,2,8268,22,"Поехали к двенадцати часам на совещание писателей... Солнечный день. Дом Красной Армии. Большинство в военной форме. Несколько встреч, разговоры на ходу. Атмосфера пленумов.  
Совещание шло ровно, общая устремленность. Литературных споров и пр. нет. К чему они сейчас? Три доклада — один из них мой. Прения. Ряд интересных сообщений и характеристик. Раненый, без ног, требует: «Несите на партсобрание...» Раненые просят душевных рассказов, стихов...  
...Наступило лето. Тепло, солнечно.  
На заливе первые стычки: обстрелы с катеров; налеты наших штурмовиков на корабли противника...  
С. К. поехала на форт «П» (на залив!).",1942,Всеволод,Вишневский,"Писатель, драматург. Капитан 1 ранга.

Супруг [Софьи Вишневецкой](http://prozhito.org/person/2637)."
7,2,425958,866,"Вторник и среда. Я у АА. В 8 вечера зашел — застал ее в постели. Спала, и я разбудил ее. Посидел минут 15, ухожу домой, чтоб через час, полтора снова прийти.    
В половине десятого пришел. Сначала сидели за письменным столом говорили о Н. Г. Потом я вынул из портфеля мои книжки, принесенные с собой: «Anno Domini» (маленькое изд.), «Белую стаю» и «Четки» [*Дальше* *страница* *обрезана* *Лукницким* *—* *В.* *Л.*]    
АА категорически опровергает всякие сплетни о ее романе с А. Блоком. Такого романа никогда не было.    
Я передал АА существующее мнение о том, что выбор названия «Anno Domini» связан со смертью Н. Г. и Ал. Блока. АА опровергает это мнение.    
Сказала, что стихотворение «Проводила друга до передней» считает скверным и не любит его.    
Сказала, что стихотворение «Не бывать тебе в живых» ни к кому не относится, а что «просто настроение тогда такое было»…    
Сказала, что 1-ю строфу стихотворения «А, ты думал я тоже такая…» написала гораздо раньше того, как написаны последующие.    
О стихотворении «Думали: нищие мы…»:    
«Его любил Н. С. ... Я написала его в 1915 году, весной, когда Н. С. лежал в лазарете. Я шла к нему, и на Троицком мосту придумала его, и сразу же в лазарете прочитала его Н. С.    
Я не хотела его печатать, говорила — ""отрывок"", а Н. С. посоветовал именно так напечатать».    
                      
>Думали: нищие мы, нету у нас ничего,    
>А как стали одно за другим терять,    
>Так что сделался каждый день    
>Поминальным днем,    
>Начали песни слагать    
>О великой щедрости Божьей    
>Да о нашем бывшем богатстве    
                      
>❊ ❊ ❊    
                      
>«Оттого, что я не хотела    
>Ни роз, ни ехать на Север»    
              
Я сказал, что мне очень нравится этот оборот.    
«Я хотела его переделать, — это не по-русски как-то, а Коля сказал, чтоб я оставила, что именно так — хорошо».    
Училась в Киеве на женских юридических курсах.    
Говорили о «сатириконстве» АА. Я спросил, как относились к нему студенты, когда АА была на курсах.    
«Когда на курсах была — была тише. Потом стала такой веселой…»    
О стихах Ходасевича отзывается очень сдержанно. Когда я спросил в упор: «Любите?», — ответила принужденно: «Есть хорошие стихи, но все это какое-то деланное, неоправданное»…    
Я спросил, как относится к стихотворению О. Мандельштама о мороженом. Ответила: «Терпеть не могу! У Осипа есть несколько таких невозможных стихотворений».    
Не любит еще стихотворения о галльском петухе и гербах всех стран (из «Tristia»).    
«Золотистого меду струя» — прекрасное стихотворение.    
Где-то в гостях встретилась с П. К. Губером. Он за столом громко сказал какую-то гадость. АА говорила о Губере, возмущаясь его пошлой грубостью.    
Рассказывала о том, как она получила известие о смерти Н. С. Она была в Ц. С., в санатории; сидела на балконе с М. В. Рыковой. Перед балконом изгородь, за ней дорога.    
Подходит ... и вызывает за ограду М. В. Рыкову. Та встает, идет. Он ей что-то говорит, и АА видит, как та вдруг всплескивает руками и закрывает ими лицо. АА, почувствовав худое, ждет уже с трепетом, думая, однако, что несчастье случилось в семье Рыковых. Но когда М. В., возвращаясь, направляется к ней, АА уже чувствует, что известие относится именно к ней. М. В. подходит и произносит только: «Николай Степанович…» — и АА сама уже все поняла.    
«Через несколько дней после похорон Блока я уехала в Царское Село, в санаторию. Рыковы жили в Царском Селе тогда, на ферме, и часто меня навещали, — Наташа и Маня. Я получила письмо от Владимира Казимировича из Петербурга, в котором он сообщал мне, что виделся с А. В. Ганзен, которая сказала ему, что Гумилева увезли в Москву (письмо это у меня есть). Это почему-то все считали хорошим знаком.    
Ко мне пришла Маня Рыкова, сидели на балконе во втором этаже. Увидели отца (Виктора Ивановича Рыкова), который подходил — вернулся из города и шел домой к себе на ферму. Он увидел дочь и позвал ее. Подбежала Маня, вернулась ко мне и сказала только: ""Николай Степанович!..""    
АА нарисовала план улиц и дорогу на ферму.    
Отец прочел в вечерней ""Красной газете"".    
Я жила в комнате, в которой было еще пять человек и среди них одна (соседка по кровати) — член совдепа. Она в этот день ездила в город, в заседание, которым подтверждалось постановление. Вернулась и рассказывала об этом другим больным.    
Утром поехала в город. На вокзале в Царском Селе увидела ""Правду"" на стене. Шла с вокзала пешком в Мраморный дворец к Вольдемару Казимировичу. Он уже знал.    
Говорила по телефону с Алянским, который сказал о панихиде в Казанском соборе (""Казанский собор""… я поняла).    
Была на панихиде и видела там Анну Николаевну, Лозинского, были Георгий Иванов, Оцуп, Адамович, Любовь Дмитриевна Блок была, и очень много народу вообще».    
Говорила о том ужасе, который она пережила в 1921 году, когда погибли три самых близких ей духовно, самых дорогих человека — А. Блок, Н. С. и Андрей Андреевич Горенко.    
О впечатлении, которое произвел на нее номер «Ленинградской правды», наклеенный на стене вокзала в Ц. С., — того вокзала, где она видела Н. С. в детстве, в юности, во все периоды его жизни...    
Когда жила на Фонтанке 2, в узкой комнате, завешанной иконами, — она часами пролеживала на подоконнике, прислушиваясь, как поют солдаты. Вот пение, в которое органически не может быть ни одной фальшивой ноты.    
— Хотите, я подарю вам бусинку?    
— Хочу.    
Отошла от печки, вытащила шкатулку с четками и иконками и дала мне три бусинки.    
— Когда я умру, все соберутся и составят из них одно целое...<com id=""1536269212146""/>    
...Статья Мандельштама «Буря и натиск», — «Русское искусство», No 1 Эпоха.    
...Посмертную статью Разумника «Жеманницы» (есть ли там о Моравской?).    
...Есть ли у меня дата, когда Н. С. выбран в правление (в совет?) Академии Стиха (в 1913 г., в декабре, кажется!).    
…«Огненный столп» вышел в сентябре, вероятно (отпечатан в августе). «Anno Domini» — в двадцать первом году, в ноябре, приблизительно.    
Значит, «Огненный столп» в два—в три месяца разошелся.    
АА сказала мне (в ответ на мой вопрос), что выбор формата для 1-го издания «Anno Domini» был сделан не ею, — и рассказала, что когда Блох жадный и стремившийся все сделать подешевле — взялся за это издание, АА раз пришла в издательство, и он стал показывать ей разные сорта бумаги — выбирал бумагу для сборника. Потом стал выбирать форматы, держал в руках листок бумаги размером в 1/8 писчего листа. Говорит: «Вот, бумага будет такая, а формат так…» — прервал слово, подумал, потом решительно сложил листок пополам — и заключил: — «А формат — такой!» (так вдвое меньше бумаги, следовательно — вдвое дешевле).    
АА добавляет, что потом к ней приходили, показывали, советовались о формате — и она дала свое согласие, но выдумала этот формат — не она. «И то, что заглавие так расположено — в ряд — не от меня зависело».    
Когда я пришел к АА сегодня, у нее сидела жена Н. Н. Пунина — сидели в столовой за чаем, друг против друга... Мило разговаривали... Через несколько минут после моего прихода жена Пунина поднялась, стала уходить. Приглашала АА заходить к ним, поцеловались на прощанье... Потом, когда та ушла, АА спрашивает: «Ну как она Вам понравилась? Не похожа на женщину-врача?»    
Я (нерешительно): Нет, не похожа... Она женщина...    
АА (утвердительно): Женщина... Правда, она милая?    
Я (нерешительно): Правда... милая...    
А. Е. Пунина получила от Н. Н. Пунина письмо из Москвы и очень довольна, что письмо получила именно она (а не АА). АА подозревает, что не Лиля ли Брик является причиной такого невнимания к ней. (Лиля Брик влюблена в него. Он бросил ее, но не она ли теперь хороводит им там?) Пунин пишет А. Е. Пуниной, что в четверг не приедет, так как у него в четверг назначен доклад.    
С АА он уговорился, что приедет на сутки раньше, чем будут знать. Для А. Е. Пуниной выдуман этот доклад или на самом деле так, — АА не знает.    
Говорила мне, что хочет ехать в Москву, обсуждала поездку, сказала, что остановится у Шилейко. Я просил оставить мне Тапу на мое попечение... Ну да разве Пунин пустит ее?    
АА кому-то подарила (не теперь, давно) сборник «Anno Domini», в котором отметила против каждого стихотворения — где, когда и при каких обстоятельствах оно написано.    
Читала мне свою пародию на себя же (стихотворение).    
В детстве, лет до 13—14 АА была лунатичкой... Еще когда была совсем маленькой, часто спала в комнате, ярко освещенной луной. Бабушка (Кажется, бабушка. — П. Л.) говорила: «А не может ли ей от этого вреда быть?» Ей отвечали: «Какой же может быть вред!»    
А потом луна стала на нее действовать. Ночью вставала, уходила на лунный свет в бессознательном состоянии. Отец всегда отыскивал ее и приносил домой на руках.    
«У меня осталось об этом воспоминание — запах сигары... И сейчас еще при луне у меня бывает это воспоминание о запахе сигары…»    
В легкой степени состояние лунатизма иногда бывает и теперь: «Еще недавно я как-то проснулась и увидела себя сидящей на кровати... Потом я помню: я спала в комнате (в столовой Мр. дв.), на кушетке. Володя спал у себя за перегородкой. Я увидела какой-то сон и во сне встала, дошла до середины комнаты и громко говорила: ""Пришел, пришел…"". Володя проснулся и спрашивает: ""Кто пришел?"". Я проснулась тогда, отвечаю: ""Это я во сне, Володя... Никто не пришел..."". Подумайте: другие видят сны, но не ходят по комнате…»    
Московский Союз поэтов прислал АА только что вышедший сборник стихов членов Союза. Прочла его. С грустью говорила о том, какие бездарные стихи в сборнике, как падает культура стиха…",1925,Павел,Лукницкий,"Поэт, прозаик, журналист, собиратель материалов об Анне Ахматовой и Николае Гумилёве."
8,2,362152,991,"Заставила себя идти в парк, сидела на деревянных ступеньках недалеко от летнего кафе, разговаривала с розами, они пока живы, смотрела на воду.    
                  
Написала стихи:    
>Зачарованные дрожки,    
>Зачарованный извозчик    
>Зачарованный конь    
                  
>Константы Ильдефонс Галчинский    
                  
>Отцветающие розы.    
>Прелесть несравненной жизни.    
>Бережно открылись дали.    
>Волн прозрачных кроткий плеск.    
                  
>Вот мгновенье совершенства,    
>Образ неостановимый,    
>Запечатанный несмело    
>В зачарованных стихах.    
                  
>Тихая жизнь и скромная,    
>Не публичная, незаметная,    
>Я дичаю, анахоретствуя,    
>Восхищаясь юмором Галчинского.    
                  
О Галчинском:    
Константы Ильдефонс ГАЛЧИНСКИЙ (1905-1953) — польский поэт. В его стихах сочетаются элементы лирики, юмора, иронии и гротеска. Автор поэм «Конец света» (1930), «Ниобея» (1951), «Вит Ствош» (1952). Сборники его стихов, рассыпанных по журналам и газетам, появились лишь посмертно. Первое свое произведение Константы Галчинский опубликовал в 1923.    
Нобелевский лауреат Чеслав Милош проницательно распознал в озорном и бесшабашном Галчинском поэта трагического, но при этом загадочно и безнадежно влюбленного в жизнь и весь мир, темный, недобрый и все же чудесный. Да, Галчинский любил «уют гнезда земного» и сумел эту любовь озвучить, лучше многих, по опыту зная, как зыбко и хрупко земное гнездышко.    
У Галчинского нет граней, отделяющих жизнь от поэзии, трагедию от фарса, труд от игры, веселье от грусти.    
Всякий поэт загадочен. Но в Юлиане Тувиме загадочность кристалла. В Галчинском загадочность облака. Нельзя предвидеть, какие очертания примет его стих.    
Леопольд Стафф писал, что он показал, «сколько бессмыслицы в поэзии и сколько поэзии в бессмыслице».    
У него было два имени, одно придуманное, шуточное — Ильдефонс, другое, данное при рождении, — Константы. Два имени слились для читателей воедино.    
Он и в поэзии был одновременно выдуманным Ильдефонсом и живым Константы. Репутация его была зыбкой.    
Гуляка праздный, мистификатор, шутник, поклонник Бахуса, беспечный и забавный.    
Или другое. Трагик, разыгрывающий драмы в кукольном театре. Лунатический мистик. Катастрофист.    
Ставили в тупик его стихи. Что они? Юмор? Сатира? Философская или любовная лирика? Может быть, они небрежны? А может быть, это та предельная естественность формы, где не чувствуются усилия стиля?    
Поначалу немногим было понятно, что в польскую литературу пришел поэт, которому суждено сказать в ней новое слово. Среди первых, кто разглядел необычайную одаренность Галчинского, были большие поэты Тувим и Броневский. У него были поклонники в среде молодых литераторов конца 20-х — начала 30-х годов.    
Но подлинного признания не было.    
Новое слово было услышано, когда Галчинского не стало. Через несколько лет после смерти он стал любовью Польши. Он умер в 1953 году.    
Слово было услышано. Что он все-таки был за человек, каков он был поэт — Константы Ильдефонс Галчинский?    
Он явился на свет в Варшаве, в семье железнодорожного техника, 23 января 1905 года. Отца его звали Константы, мать Вандой. Рассказывают, что старший Галчинский играл на скрипке, сочинял песенки, был фантазер, характером несдержан и легко возбудим. Наверное, от него поэт унаследовал музыкальность и странность натуры.    
Впрочем, кто знает, много или мало наследует талант от своих родителей и от той среды, где он явился на свет.    
Мы еще не изучили тайных законов, по которым происходит та удивительная концентрация способности к познанию и самопознанию, которую мы именуем талантом. Мы не знаем биологии таланта и мало занимаемся психологией творчества, потому в «реалиях» быта, в свойствах отцов ищем начальные контуры поэтической картины мира, которую творит художник.    
Между тем чем выше художник, тем менее похож его опыт и его облик на опыт и облик среды, его породившей. В сущности, рождение таланта и есть преобразование жизненного опыта замкнутой среды в нечто высшее, в высшую чуткость к истине, в содержательность, выражающую природу человека, состояние человечества в данный исторический час.    
Константы Галчинский родился талантом и стал поэтом. Его судьба трагична не только потому, что он поэт, но и потому, что он поляк первой половины XX века.    
Гуманизм польского искусства выстрадан Польшей. Он прошел сквозь все адские круги национальной катастрофы 1939 года. Катастрофа эта вызревала в недрах истории Польши и сопредельных с ней стран.    
$$http://www.imwerden.info/belousenko/books/poetry/galczynski.htm$$",2013,Галина,Ларская,"Певица, художница, поэтесса, преподаватель фортепиано, выпускница дирижёрско-хорового отделения Музыкального училища им. Октябрьской революции. Друг [В.И. Поветкина](http://prozhito.org/person/980)."
9,3,391074,2346,"        
### В. В. Катаняну, И. Ю. Генс (Переделкино)    
                  
>Милые Инна-Вася, завтра за нами заедет Рая Кирсанова и отвезет нас в город. Такси из-за пожаров не разрешают ездить дальше окружной дороги! Новое дело!! Как мы теперь будем циркулировать? Надеемся, что это не надолго. Вчера вечером у нас были Рая с мужем. Его посылают на 4 года в Париж (теле-радио) и они приезжали попрощаться.    
>В Москву мы едем: 1) мыть голову, 2) взять почту, 3) на рынок, 4) купить бифштексы и ветчину 5) чай, хлеб, и т. д.    
>У нас погода — «Есть в осени первоначальной короткая, но дивная пора…» На улице 22 днем, в комнатах 18. Надели пуловеры.    
>Предыдущее письмо отвезли Вознесенские. Андрей читал массу новых интересных стихов. У обоих вышли книги. Читаем с удовольствием.    
>Из Москвы нас завтра привезет сюда Алиханян. Марина в больнице — у нее кровоизлияние в глаз и она почти не видит. Как страшно! Дети в Пушкине у друзей.    
>Вася совсем не писал. Сначала отдыхал, потом — жара. Сейчас начал раскачиваться и, вероятно, скоро будет новая глава. Я рада.    
>Пишу сегодня, чтобы завтра опустить письмо.    
>Целую.    
                  
>>*Лиля.*",1972,Лиля,Брик,"Хозяйка одного из самых известных в XX веке литературно-художественных салонов. Автор мемуаров, адресат произведений [Владимира Маяковского](http://prozhito.org/person/988), сыгравшая большую роль в жизни поэта. "
10,3,332870,631,"Я работаю в газете «Святой Георгий Победоносец»<com id=""151558137214120""/>. Меня туда «пристроил» Володька Пирожок. Редакция находится в гостинице «Будапешт». В редакции суета, заходят и выходят незнакомые люди. Вдруг зашел человек низенького роста, со спортивной выправкой и начал что-то говорить недовольное: то не так и это не так. Главный редактор (Татьяна Панова<com id=""151558137214121""/>) сказала: «К нам пришел устраиваться новый сотрудник. Мы его сейчас проверим». Одним словом, я написал заметку, которая моментально пошла в номер. Когда я расписывался в ведомости, рукой этого человека (им оказался Игорь Серебряков) была исправлена сумма: она оказалась ровно вдвое больше той, о которой мы договаривались...    
Вчера вышел третий номер газеты, в нем появилась моя первая статья. Поскольку она была опубликована в сокращении, то здесь привожу полный ее вариант:  
### С жезлом в руках, с крестом в сердце    
«Десять лет назад я принес в редакцию «Литературной России» материал о дачных театрах. Редактор отдела Юрий Юшкин, быстро пробежав статью глазами, изрек: «Вы здесь много пишете о Кречетове, а эта фамилия непроходимая, сами должны понимать».    
Что же такого криминального было в биографии этого человека, если одно упоминание его имени вызвало столь бурную охранительную реакцию? Да и кто мог помнить давно забытое имя, кроме «узких» специалистов по истории литературы? Помню, мы с горечью посмеялись над этим с милой Леной Снежко, выпили с ней по бутылке пива «за Кречетова» и отложили мою публикацию до лучших времен. Теперь эти времена настали, только Лена не дожила до них, ушла молодой, полной сил...    
Сергей Алексеевич Соколов (Кречетов — его литературный псевдоним) родился в Москве в 1878 г., окончил юридический факультет Московского университета, имел богатую адвокатскую практику. Но настоящей его страстью стала поэзия. Не нуждаясь в средствах, он решил помогать поэтам-символистам и с этой целью в 1903 году основал издательство «Гриф», в котором публиковал стихи И. Анненского, А. Белого, А. Блока, В. Ходасевича...    
Признанные столпы символизма, однако, не были в восторге от появления новоявленного мецената. Это был особый замкнутый мирок, со своей иерархией, своими законами, традициями, в котором каждый мнил себя гением и любое замечание воспринимал чуть ли не как кровную обиду. Кречетов же никогда не стеснялся говорить то, что думал, и, естественно, нажил себе множество врагов.    
Одним из самых заклятых был В.Я. Брюсов, отговаривавший своих знакомых сотрудничать с «Грифом». В декабре 1905 г. он писал А. Белому: «Не можете же вы не видеть, что Соколов — балаганный шут, неумело-бездарный шарлатан, в устах которого все самые истинные слова становятся фиглярством и пошлостью! Людям, подобным Соколову, можно поручить свой гражданский процесс, но позорно поручать им и доверять свои мысли».    
Белый в тот раз не внял уговорам Брюсова и не забрал у «Грифа» свои стихи. Но когда Кречетов раскритиковал новую трагедию Вячеслава Иванова, он, будучи оскорбленным за друга, решил печатно объявить о разрыве отношений с ним. Тот ответил, что будет рассматривать это как личное оскорбление и потребует дуэли. Белый извинился и забрал готовое письмо из редакции альманаха «Весы». Дуэль не состоялась.    
Нетрудно догадаться, что «Весы» редактировал Брюсов. Он рассматривал свой альманах как единственную трибуну символизма, а в «Грифе» видел помеху и конкурента. «Литературная» полемика Брюсова с Кречетовым нередко переходила все допустимые рамки приличия. Но, как водится, истинная причина этих резкостей была в другом. Вообще, о взаимоотношениях двух поэтов (а Кречетов успел издать несколько поэтических сборников) можно написать целый роман. И, конечно, главным его героем станет женщина. Красивая женщина, молодая писательница Нина Петровская, ушедшая от Кречетова к Брюсову и ставшая его спутницей и музой...    
Н. Петровская вспоминала, что Кречетов ненавидел Брюсова люто и всю жизнь злорадно подсмеивался: «Совершеннейший волк! Глаза горят, ребра втянуло, грудь провалилась. Волк, да еще голодный, рыщет и ищет, кого бы разорвать!»    
Это не помешало тем не менее Кречетову спустя много лет отослать Брюсову новый сборник своих стихов «Летучий голландец» с дарственной надписью, а тому принять, внимательно прочитать и сделать на нем пометы.    
А первый свой сборник С. Кречетов выпустил в 1907 г. «Я очень рад, что Вам понравился мой сборник. Типографские недочеты Вы извините, если узнаете, что он набирался, печатался и выходил ровным счетом три дня!» — пишет С. Кречетов Г. Чулкову.    
Поэтический рейтинг Брюсова был неизмеримо выше, и он посматривал на Кречетова свысока. А вот Ходасевич и Бальмонт с теплотой отзывались о его творчестве. Последний в одном из писем Кречетову сообщал: «Только что прочитал твои Три огня» — певуче; и твои сердечные строки о Мирэ. Пошли мне «Черную пантеру». Как грубы и жестоки люди. Как хорошо, что среди этой грубости есть ты, не только поэт и любитель поэзии, но человек с благим сердцем».    
Бальмонт высоко ставил Кречетова прежде всего за его вклад в русскую поэзию. Ведь, помимо «Грифа», он издавал и редактировал (!) авторитетные литературные журналы «Золотое руно», «Искусство» и «Перевал», был председателем Московского литературно-художественного кружка. Только за это, согласитесь, ему следует поставить памятник, нет, не памятник, это уж слишком. Ну хотя бы помянуть его добрым словом.    
Владислав Ходасевич бы соседом Кречетова. Он снимал квартиру в доме княжны Н.Э. Голицыной в Б. Николопесковском переулке, где жил Сергей Алексеевич. С Ходасевичем Кречетов был очень близок: издавал его стихи, писал рецензии (положительные, а порой хвалебные). Ходасевич отвечал взаимностью. На стихотворении «Ночи» (1907 г.) стоит посвящение «Сергею Кречетову»: «Чуть воют псы сторожевые./Сегодня там же, где вчера,/Кочевий скудных дети злые,/Мы руки греем у костра». Но именно в этом году произошла размолвка. Есть мнение, что Ходасевич принимал участие в семейной драме С. Кречетова и его жены Н. Петровской. На свадьбе он отчебучил такой «экспромт»: «И «Грифу» слава дорога!/Но Владиславу только слава,/А «Грифу» — слава да рога!»    
Это были времена интриг, обид, мести, заказных рецензий и статей. Чего только не было в этом маленьком мире, где каждый знал другого наперечет. Сегодня — враги, завтра — друзья, послезавтра... Еще до выхода в свет журнала «Перевал» В. Брюсов назвал его (в письме к А. Белому) «Провалом». Журнал был основан после того, как летом 1906 г. Кречетов ушел из «Золотого руна», где он заведовал литературным отделом. Причина — ссора с издателем С.Н. Рябушинским. В первом номере «Перевала» он напечатал разгромную рецензию на книгу Рябушинского «Исповедь». Это многими было воспринято как месть Кречетова (да так оно и было!). Однако все забывается... Но когда мы посмотрим на фамилии тех, кто сотрудничал в «Перевале», то язык не поворачивается назвать этот журнал «Провалом»: А. Блок, К. Бальмонт, И. Анненский, И. Бунин, С. Городецкий, С. Соловьев, З. Гиппиус, В. Ходасевич, Н. Телешов, Н. Бердяев, Ф. Сологуб... Редакция «Перевала» находилась на углу Пречистенского бульвара и Сивцева Вражка, в доме Тарасовой. Журнал печатался в типографии В.М. Саблина на Петровке.    
Квартира Кречетова на Знаменке служила настоящим штабом русского символизма. Публика здесь собиралась самая пестрая — знакомые адвокаты и прокуроры, литературная богема и... артиллерийские офицеры, которые, по воспоминаниям Нины Петровской, «щелкая шпорами, не прочь были... поболтать о литературе». Частенько заходили знакомые офицеры и юнкера из соседнего Александровского военного училища.    
«Имел дар: был делец, достающий деньгу для издательства и перекидывающий с руки на руку, точно брелоки, журналы: «Искусство», «Руно», «Перевал» — были сфабрикованы им, как и издательство «Гриф», и — провалены им, как и «Гриф», — писал в воспоминаниях «Начало века» Андрей Белый, — но умел добывать себе рукописи: средь талантливых юнцов: припросится бывало с толпой и вздохом: «Со мною — Бальмонт, Соллогуб, Белый, Блок... «Гриф» был не умен и не добр: простоватая стать, стать «поэта» и стать Демосфена — лишь видимость; пошлость и грубость, которую он невзначай обнаруживал, были не видимостями».    
Оставим на совести А. Белого, обиженного «солдафоном» Кречетовым, эти откровения. У каждого своя судьба, свои горести. А «собрать рукописи», издать их, договориться с типографиями, редактировать таких легко ранимых авторов, как Андрей Белый... Боже упаси!    
Кречетов всегда старался подчеркивать свою аполитичность. В передовой статье первого номера «Перевала» он писал, что «любая партийность есть иго и цепь». Но армию всегда ставил высоко, считая ее оплотом государственности. Не случайно в первые же дни Мировой войны 1914 г. он добровольцем отправился на Восточный фронт, на границу с Пруссией. Свои боевые дни он описал в записках «С жезлом в руках. С крестом в сердце», в которых война показана во всей своей ужасной обыденности и простоте. (В ЦГАЛИ сохранилась его фотография, подаренная им матери с дарственной надписью: «С Новым годом, милая мамочка: я помню Вас всегда. Ваш Сережа. 12 декабря 1915».)    
Октябрьский переворот 1917 г. Кречетов встретил в рядах Белой гвардии (вот он, криминал, на который намекал редактор!). В Ростове-на-Дону он издает литературно-художественный журнал «Орфей», в котором публикует стихотворение о том, «как жизнь свирепа в стране Совдепа», сочиняет послание «Обманутым братьям в Красные окопы»: «Эх, братья-крестьяне, раскиньте мозгами,/Кто вас ведет, и кто правит вами?/Кто вас так скрутил, что ложись, да помри?/И откуда взялись ваши новые цари?/И за что столько русского народа погибло?/Пораздумайте, коль не во всем разум отшибло,/А что позабудете, то я помяну».    
Писатель Г.В. Алексеев пишет в своих воспоминаниях, что примерно в 1919 г. в Ростове-на-Дону пытались создать «нечто вроде беллетристики», но «из настоящих писателей там оказался только Е. Чириков». Он ошибался! Писателей было больше: в номере первом, помимо стихов С. Кречетова, были опубликованы стихи Любови Столицы. Заставку к журналу «Орфей» рисовал замечательный армянский художник М. Сарьян, а обложку сотворил сам Евгений Лансере! В Ростове издавался еще журнал «Фараон», редактором которого был А.М. Селитренников (А. Ренников), впоследствии автор парижского журнала «Возрождение». В журнале печатались Н. Агнивцев, Е. Венский, Е. Дольский, Б. Лазаревский, Б. Суворин (действительно, кроме Николая Агнивцева, никто ничего о них не знает).    
Потом был классический «бег», годы эмиграции. В Берлине Кречетов основывает издательство «Медный всадник», выпускает еще один сборник своих стихов «Железный перстень». В книге отразились его переживания периода Гражданской войны, впечатления о том, как «с Корниловым мы уходили в ледяной тот Кубанский поход». И почти каждая строка кричала о покинутой Родине: «Но для моей тоски дана одна стихия,/Кто всем равно родной, тот всем равно чужой,/Лишь над одной тобой могу рыдать, Россия,/Я не люблю тебя, но я навеки твой».    
В «Ленинке» хранится этот сборник (с экслибрисом библиотеки А. Тарасенкова) с автографом С. Кречетова: «Евдокии Аполлоновне Нагродской с искренней симпатией. С. Кречетов. 22/III — 1924». В «Железный перстень» вошли его стихи, относящиеся примерно к периоду от начала Европейской войны до 1922 г., и, рядом с ними, некоторое количество стихотворений из предшествующего, уже давно разошедшегося сборника «Летучий голландец». (Книга имеет еще одну библиотечную «примету» — штамп Тургеневской библиотеки в Париже на Rue 9 du Val-de-Grace.)    
В 1928 г. Кречетов узнает о самоубийстве своей первой жены Нины Петровской. К этому времени он женат на актрисе Лидии Рындиной. Она умерла в 1964 г., публиковалась в парижском еженедельнике «Возрождение» и журнале «Мосты» (в 1950 — 1960 гг.).    
Приход к власти Гитлера Кречетов сравнил с большевистским переворотом. Снова эмиграция — в Париж, где он и умирает в 1936 г. на операционном столе, во время неудачно проведенной операции.    
Незадолго до смерти художница В. Ландгниевская написала его портрет: благородное лицо русского интеллигента, чеховское пенсне, короткая прическа с аккуратным пробором. А рядом — средневековый рыцарь с закрытым забралом и Московский Кремль, наполовину прикрытый театральным занавесом. Невольно вспомнились строки одного из последних стихотворений Сергея Кречетова:    
                  
>Я один на свете,    
>Некому жалеть,    
>За тебя, Россия,    
>Сладко умереть...",1994,Владимир,Бессонов,"Историк, москвовед."
11,3,67549,188,"Приезжал Андрей Танцырев с молодым поэтом Виктором из Свердловска. В нашем обществе неудержимая тяга писать стихи.    
Раньше писали одни поэты. А теперь тонут в океане стихов. Так вся поэзия утонет.    
Поэтов надо сделать презренными и нищими. Тогда, может быть, от стихописания отстанут.",1987,Давид,Самойлов,"Поэт, переводчик. Участник войны."
12,4,362627,991,"Я выступала на конференции по Пушкину в одном обществе, пела свои песни на стихи Пушкина, прочла его стихи, прочла стихи Иры К. о Пушкине.    
Меня неприятно удивило поведение людей. Во время докладов о Пушкине они переговаривались, мешая слушать. В перерывах ссорились друг с другом, были очень нервны и нетерпимы. Ни в ком не ощутила я покоя внутреннего, не говоря уж о духовности, кроме организатора конференции — моей доброй приятельницы художницы Аси.    
От Асиных чистых глаз шёл свет. Муж её Алёша был спокоен. Он рассказал мне, что когда ему было 19 лет, он задумался, стоит ли жить дальше. Кто-то спас его. Я забыла, кто.    
                  
Лиза после вечера прочитала милые стихи, посвящённые мне. Она подарила мне еду.    
                  
Лизины стихи:    
>Венеция — лазурь и бирюза.    
>Скользит по глади вод гондола.    
>Чарующая баркарола    
>Дымком струится в небеса.    
                  
>Опущена за борт рука.    
>Бежит за лодкой след дугою.    
>И кажется совсем иною    
>Реальности изменчивой река.    
                  
>Я вижу дом и в доме том друзей.    
>Сидит хозяйка старая с сестрою    
>И ты поёшь, и кажется порою    
>Всё ту же песнь давно минувших дней.    
                  
>Я узнаю среди гостей себя —     
>Та дама в длинном синем платье    
>Сидит сияющая, как на свадьбе,    
>Всем сердцем музыку любя.    
                  
>О, как велик и славен человек.    
>Плыви же вдаль, бессмертная гондола.    
>Я — лишь реальности скупой осколок.    
>Венеция. Четырнадцатый век.    
                  
До метро мы шли с Асей и Алёшей, Ася держала меня под руку. Мы давно с ними знакомы, но последние годы виделись редко. Милые, умные, тёплые люди. Я была рада нашей встрече.    
                  
Написала стихи:    
>Спешу ответить, милый гений.    
>Звучит во мне мелодий ворох.    
>То Сальваторе Адамо,    
>То прочие, почти французы.    
>Пора нам ехать в Сиракузы.    
>Я наблюдаю мир давно.    
>Да не скудеет жизни порох.    
>Желаю новых песнопений.    
                  
Здесь, как выяснилось, зеркальные рифмы. Это редкая форма в стихосложении.",2014,Галина,Ларская,"Певица, художница, поэтесса, преподаватель фортепиано, выпускница дирижёрско-хорового отделения Музыкального училища им. Октябрьской революции. Друг [В.И. Поветкина](http://prozhito.org/person/980)."
13,4,303386,1614,"Текст стихотворения забракованный.    
                       
>Вечерний закат солнца    
>В золотисто — розовом тумане    
>Уходило солнце на покой.    
>А у речки на лесной поляне.    
>Опахнуло липой и сосной.    
>Лес стоял в задумчивой дремоте,    
>Погруженный в сказочную быль!    
>И казалось, будто кто — то.    
>Лес заворожил.    
>Тишину нарушил    
>Ветер — полуночник,    
>Пробежав по соснам, по траве,    
>И опять так стало тихо    
>На вечерней розовой заре. — Курапова М. В.    
                       
Это стихотворение сочинила давным-давно моя бабушка Муся.",1967,Ольга,Сухова,Филолог. Главный специалист научно-информационного отдела Муромского историко-художественного музея. Во время ведения дневника — школьница.
14,4,435615,1959,"*суббота,* *4.40* *утра.*    
Проснулся. Как подкинуло, словно от голоса, разбудившего фразою Достоевского: «Маша лежит на столе. Увижу ли я Машу?» А где сейчас лежит Лена? Дома? В морге? «Я пока ничего и ко всему готова». И опять внутренний голос: «Для меня это как для Гоголя смерть сестры Хомякова». Хотя и совсем другое.    
Поэт *беспокойной* поэтики. Потому-то Цветаева, футуристы, Маяковский, даже Вознесенский ей ближе Ахматовой (и Мандельштаму, видимо, не могла простить его ранней акмеистической упорядоченности). Меня если и любила — то только за то, что много о ней. «Посмотри — помнится, говорила она мне, — мы шли белой ночью, уже под утро к Елагинской стрелке, выгуливали ее пуделька Яшку — посмотришь направо — одно, налево — уже другое — ветер шевелит листву — как же можно сохранить *один* ритм на протяжении целого стихотворения?»    
Как раз сегодня *Поминование* *усопших*. Литургия в 10 часов, т. е. через четыре с половиной часа. И не спится, и на улицу выйти не соберусь.    
Казалось бы, ей должны были нравиться такие мои, к примеру, стихи как «Британские стансы». Но я у нее изначально шел по ведомству «лирической простоты», и никаких аллюзий, никакого сюра она у меня не воспринимала. Вот «Обнова» — другое дело.    
                     
Путешествие наше на Валаам; отплытие от Сенатской; плыли мимо Дворцовой, мимо Смольного… Белой ночью — мимо Шлиссельбурга.    
Помнится, вытянуть Лену было не просто: Яшку не с кем оставить (в итоге оставили с Беллой Улановской) и т. п. «Ты меня как резиновую присоску на кухне оторвал от стены». (Были тогда такие крючки-присоски для полотенец.) Все обошли, любовались на дальний островок с соснами в серебряных блеских бликах и поволоке, забирались на колокольню… Была у нее в стихотворении (об этом) строфа, которую она потом опустила:    
                     
И если нам отсюда вниз    
сойти не суждено, мы братний хлеб привыкнем есть, пить сестрино вино.    
                     
У себя же простоты, кажется, не ценила. Так, когда я выразил ей свое восхищение стихотворением про *клен* («Бабье лето, мертвых весна, / говорят в Тоскане, говорят со сна» и проч. — гениальное стихотворение) — она отмахнулась: «Да ну, что ты. Там (т. е. в новой книге) есть гораздо лучше». Надулась на меня, когда я ее подборке в Н. М. дал заголовок «При черной свече». Она-то хотела что-то такое с Богом. Но разве не безвкусно Бога выносить в заголовок подборки? — убеждал я ее. Этого не умела понять.    
Московские концептуалисты ее, кажется, не любили. И впрямь: для этих труположцев она была слишком беспокойна, экстравагантна, ершиста.    
Она все-таки «зверь-цветок», а они — математики. И хотя в литературный социум она была в последние годы вписана намного благополучней меня, она *по* *существу* одиночка.    
    
30 с лишним лет назад на Валааме… И вот сегодня, сейчас, под сводами парижского Александро-Невского храма отец Анатолий поминал — по моей записке — новопреставленную рабу Божию Елену.    
                     
Когда Лене было лет 15-16, ее, знаменитую уже ну хотя бы строчкой «О море Черное, тебя пересолили», познакомили с Иосифом Бродским. Двадцатитрехлетний мэтр спросил юного вундеркинда, какая часть «Божественной комедии» ей особенно по душе. “Конечно, «Чистилище»” — ответила Лена.",2010,Юрий,Кублановский,"Поэт и эссеист, публицист, критик, искусствовед."
15,5,186647,559,"Накануне допоздна — в номере у Жени С-ва<com id=""14808743674275""/>, и там Миша К.<com id=""14808743674276""/>, Гриша Г.<com id=""14808743674277""/> и модный ныне прозаик C.E.<com id=""14808743674278""/>, все с женами. Разговор, как всегда, скачущий — о том, о другом и наконец спор о поэте E.<com id=""14808743674279""/>, нашем кумире 60-х гг., которого решительный Миша уже сбросил с корабля современности.    
Мы напрасно ему объясняли, что Е. — не просто автор хороших и плохих стихов, но — явление, если хотите, герой нашего времени, вобравший в себя все его безумство. Миша был непреклонен. Он все еще там, в 60-х, правда, с некоторыми выходами в наши 80-е, где он иногда играет Дзержинского в телефильмах...    
И уж совсем ночью, на улице, Гриша Г. прочел мне Кушнера:    
              
>Времена не выбирают,    
>В них живут и умирают…    
",1985,Анатолий,Гребнев ,Кинодраматург.
16,5,316672,1694,"      
### XVIII. РОСТОВСКАЯ ЗАПИСНАЯ КНИЖКА  
#### (апрель—май 1919 года)    
Большое огорчение: покойник Годаев оказался никуда не годным оператором. Все его снимки, как деникинские, так и каменские — никуда, испорченная пленка. И ради этих скверных снимков погиб человек! Несомненно, он заразился тифом во время поездки в Каменскую. Жалко бедного старика!    
              
Вслед за Ллойд-Джорджевскими «островами» и категорическим отказом от реальной помощи живою силою — новый удар: французы оставили Одессу. Этому как-то не верится даже: такая могучая армия, и вдруг — бегство перед рванью... Виною, видимо, какие-то таинственные события в Париже: Клемансо внезапно пал, во главе кабинета стал Вивиани, но на другой день опять что-то случилось: Клемансо вернулся, а Вивиани, как пишет «Приазовский край», предан военному суду. Понять ничего нельзя, но факт остается фактом: Одесса оставлена, и престиж союзников подорван безнадежно. Хорошо нас отблагодарила Франция за спасение Парижа! *Этого* мы ей никогда не забудем. У нас положение на фронте — хуже скверного: большевики, очевидно, отчаявшись перейти Донец, напирают на линию Царицын—Тихорецкая, очевидно, в надежде разрезать наш фронт, оторвать Кавказ от Дона.    
Вчера, на Корниловском вечере, распространились слухи о победе. Подтверждения еще нет, но, кажется, какой-то успех действительно достигнут. Дай-то Бог! Вечер был очень интересен. Первую часть — речи Юзефовича, Знаменского, Лисового — я не слушал: мне сейчас скучны *все* речи! Но концерт был приятен: оркестр под управлением Ник. Ник. Кедрова весьма мило сыграл шопеновский марш и финал из «Орлеанской девы», а Н.Н. прекрасно прочитал два стихотворения М.Волошина: «Святая Русь» и «Demetrius Imperator». Стихи — почти гениальны. Юрий Николаевич<com id=""151233375514128""/>, правда, съязвил, что эти стихи могли быть встречены такою же овацией, какою их встретили у нас, и *там*, в Москве — но это, хотя и не лишено совсем известной доли вероятия, все-таки снобистический парадокс, к которым так склонен милейший Ю.Н.",1919,Владимир,Амфитеатров-Кадашев,"Публицист, прозаик, драматург, критик, переводчик."
17,5,291208,980,"    
### ТЕЛЕФОННЫЙ РАЗГОВОР с Вознесенским (Ленинград — Москва)    
Очень интересная книжка. Вы прекрасны. С достоинством, без дешевой показухи. Вопрос о книге (сказала; речь шла о поэтической кассете, «братской могиле»). Готовьте подборку наповал — могучую рукопись в «Октябрь», «Знамя». Ведь запретного у Вас нет (кроме слова «проститутка»). Приехать (не могу: буду в Комарове). Вознесенскому отправлять письма — код на почте «архитектору Вознесенскому». «От Вас письмо не должно затеряться, обязательно нужно получить» (вежливость поэта). Об авторах в кассете «Дебют» (Бейлькин слабее всех).    
Понравился (видно, очень; я привозила рукопись) Вадим Пугач. Но: «мужчина должен бороться» — лестный разговор о том, что были бы живы Пастернак, Ахматова — их посылали бы курьерами с чужими рукописями? «Пугач и Савушкина интересны». Вопросы о возрасте, профессии. О Т. Мневой — сказала про «Юность»; и что в Ленинграде не напечатают, очень трудно. Елена Шварц уже известна, они — нет. Ответил: «У Шварц знаю только ранние стихи, это было интересное начало (цитата о сосцах колючих /трав?/) И семья известная». Спрашивал о корнях. Об Артемьевой из Ленинграда («личность»); обещала узнать.    
«У Вас есть дети? Нельзя передоверять целоваться; нельзя просить ребенка на панель, так и со стихами». Смысл: обязательно нужно пробивать свои стихи к печатанию.    
«Я 80% жизни угробил на напечатывание стихов»!    
Сказал, что в Комарове сейчас должна быть Ахмадулина (я просила адрес). И разрешения высылать «интересное» (ребят). После Комарова (через несколько дней) — позвонить. Ехать.    
Писать. «Обнимаю»; всякие пожелания.    
В ноябре из Комарова послала рукопись для журналов — на проверку. Месяца полтора Андрей Андреевич не мог получить, не бывает в Москве; Амстердам. Раз 10 говорили об этом по телефону. Ответ — «Ларисочка, не тужите, все будет хорошо!»    
Стыдно, что звоню уже, как домой, да и он сам подходит. Сколько бы ни написал он впоследствии сиюминутных стихов, Вознесенский — талантливейший человек своего времени. Не все он конструировал, а то, что слышал — блестяще. На том стоим.",1987,Лариса,Володимерова,"Поэт, прозаик, публицист, журналист, художник, правозащитник. Эмигрировала в Израиль в 1992 году."
18,6,316058,1810,"Много раз хотела сесть и     
пописать и все никак.    
Я быстро расту, очень быстро…    
По-моему, гнида от слова гнить,    
гнилье.    
Страшно хочется стихи писать.    
Жаль, что не умею выражать    
свои чувства в стихах…    
Мальчик хороший, кучерявый,    
глаза добрые, совсем еще юный,    
а зовут как — забыла.    
Андрей, кажет~~ь~~ся.    
Трудно одной, очень тяжело    
Иногда даже глупости    
и дебилки в голову лезут.    
Ждать очень устала.    
Хоть бы в какую-нибудь историйку    
вляпаться. Окосеть можно.    
Смешно, жду Никкиного брата.    
Просто грустная умора,    
хорошо что хоть не    
принца.    
Верблюды ходят воду пить    
Когда лапша висит на ветке    
И я гляжу в глаза собачьи    
И сухо у меня в душе.    
Приставки, зеркало, картина    
И членский взнос    
И даже вилка.    
Хочу в Америке пожить    
С людьми о жизни говорить    
Они люди ничего — хорошие.    
Дегенератизм, шозофренизм    
Дибилизм    
Бедняги бедные, несчастные    
Мне трудно с вами и легко.    
Жизнь проста как нейтрон.    
               
Фенит комедия а ля!    
Ио И-о И-о И-о И-о    
Фикстерьез мой друг транзитный.    
Каждый с ума    
Сходит по-своему,    
А если я в уме?    
Ум + дурь + одиночество + страсть → моя тяжело-ленивая жисть…",1987,Нелли,К.,"Жительница Москвы, в годы ведения дневника - ученица старших классов школы, студентка первого курса университета."
19,6,170324,328,"Воскресенье у Берестова.    
Рассказал, что его вызывали в КГБ — попросили проконсультировать рукопись детских стихов без указания автора. Валентин Дмитрич поэта вычислить не смог, но прямо сказал, что стихи вполне профессиональные, и теперь мучается: спас ли он неведомого писателя от неприятностей или наоборот — закопал?    
Подарил книжку «Школьная лирика» («с любовью», как обычно).    
Когда говорили о свободном стихе, красиво скаламбурил:  
*«Никакой* *свободы* *нет* *в* *верлибре:*  
*Рифму* *не* *стащи,* *размер* *не* *стибри».*",1977,Георгий,Елин,"Журналист, литератор."
20,6,186097,559,"Соловки. Туристы... Почему-то считается интересным ходить во всем грязном: женщинам — таскать за плечами невообразимой тяжести рюкзаки...    
Любознательные седые женщины в тренировочных брюках, тяжелых башмаках...    
Местное население в мини-юбках...    
Очарованный странник...    
Человек без имущества. Скиталец, путешественник, работает по оргнабору, нигде не оседает.    
Не «интересное в обыденном», как мы привыкли в последние годы, а просто интересное, т. е., может быть, необычное, исключительное.    
Только не экзотика профессий...    
Просто — странная судьба. Именно судьба, и именно странная... И в этой странности — эпоха...    
Будь как все... Что бы она ни делала, чтобы ни говорила, она говорила ему: «будь как все». И он старался быть как все. И все вокруг ему говорили: будь как все, не выпендривайся. И он делал это — из трусости, из скромности и черт его знает еще почему.    
Лжедмитровка. (Деревня.)    
Такой большой и такой глупый, удивительно, прекрасно глупый мужчина...    
Женщине всегда хочется казаться лучше... Отсюда — женская проза, женские стихи...",1969,Анатолий,Гребнев ,Кинодраматург.
21,7,274664,182,"Понедельник. (Павловск. 1 декабря). Обыкновенный прием у меня в Мраморном от 10 утра до 1 ч. — Чуть-чуть побаливало горло. — Морской врач Бертенсон, служивший лет 20 назад в Измайловском полку, прислал мне для передачи Академии наук, подаренное ему<com id=""1503128038141069""/> дочерью Пушкина графиней Меренберг<com id=""1503128038141070""/> письмо ее отца к его невесте Н.Н. Гончаровой, написанное на обороте письма к Пушкину Д. Языкова. Оба письма на французском языке. Побывал у вдовы моего покойного вице-президента Академии Наук Леонида Николаевича Майкова, Александры Алексеевны, рожденной Трескиной<com id=""1503128038141071""/>. Она с незамужней пожилою сестрой Ольгой Алексеевной живет уже не на Васильевском остро ве, а на Малой Мастерской, 3. Давно не был у нее. Но мы переписывались. Я посылал ей почти все мои новые стихи. И теперь поехал к ней, чтобы просить подобно тому, как было при печатании «Гамлета» и последнего издания моих стихотворений, и впредь прочитывать корректуры будущего 4-го выпуска. Алфавитный указатель имен и библиографический для «Гамлета» она взяла на себя. Я спросил, не может ли она указать мне лицо, которому можно было бы поручить составление таких же указателей и к «Ифигении». Александра Алексеевна вызвалась сама это сделать.    
Почетный академик И.А. Бунин прислал мне новые свои две книжки: том 6-й стихотворений и рассказов и перевод Байронова «Манфреда». Но что за разочарование: стихи отнюдь не поэтичны; все больше сонеты, но с произвольно переставленными шпонами, что в корне искажает характер сонета. Есть безобразные сравнения: например, скала в Архипелаге уподоблена ковриге хлеба<com id=""1503128038141072""/>!! И в стихах и рассказах попадается нескромность, граничащая с порнографией.",1910,Константин,Романов,"Член Российского Императорского дома, генерал-адъютант, президент Императорской Санкт-Петербургской академии наук, поэт, переводчик и драматург."
22,7,425993,866,"Вторник.    
«Что мне с тобой теперь делать?»    
АА говорит о своей «беспримерной откровенности» со мной...    
О романе О. Мандельштама с О. А. Ваксель.    
Я укоряю АА — зачем она заставила Пунина звонить мне и просить у меня извинений… АА очень серьезно, даже строго отвечает — что она в 1/2 часа довела его до полного раскаяния, что при создавшемся положении единственно что можно было сделать — это, чтоб он мне позвонил по телефону, что он должен был это сделать... АА вчера, после моего отъезда, очень разволновалась объяснением с Пуниным и плохо себя чувствовала.    
О моих стихах — о стихотв. «Оставь любви веретено», АА говорит: «Хорошее стихотворение».    
С поездом 11.3 еду в Царское Село. Застаю у АА Н. Я. Мандельштам. Привез АА лекарство (заходил также к Пунину за рецептом, и взял лекарство в аптеке).    
Вчера у АА была Галя (А. Е. Пунина).    
Вчера у АА были сильные боли, хотя температура и не особенно высокая была. Сегодня — болей нет. Температура — утром 36,9; днем — 37,1; в 7 часов вечера — 37,3.    
Сегодняшний день распределяется так: до 1 дня у АА Н. Я. Мандельштам. От 1 часу дня до 4-х — кроме меня, никого. Часа в 3 АА вызывают по телефону — Эльга Каминская просит разрешить прийти в 5 часов. АА не знала, что звонит Каминская, иначе не подошла бы к телефону. А тут ей пришлось дать согласие.    
До 4-х я говорю с АА о Николае Степановиче — о «Заре», об «Ягуаре» — в стихотворении «Измена» и в IV «Открытия Америки», о «Романтических цветах», о «Пути конквистадоров» и т. д.    
В 4 часа приходит Н. Я. Мандельштам, и мы придумываем план быстрого избавления от Э. Каминской. План составлен: я с ее приходом уйду, Н. Я., когда Каминская постучит в дверь, выйдет и скажет Каминской, что состояние АА таково, что у нее нельзя быть больше 10 минут. Роль АА сводится к тому, чтоб лежать возможно смиреннее и быть почти безмолвной.    
Эти предосторожности необходимы, потому что присутствие Э. Каминской доставляет АА минимум удовольствия, потому что Каминская совершенно ни с чем не считается и способна своими разговорами совершенно удручить.    
Э. Каминская уже по телефону сказала АА, что она едет за границу и придет к АА за «новым материалом» для выступлений.    
АА очень не хочет давать Каминской стихотворений и сказала ей, что со времени «Anno Domini» она ничего не писала. Тем не менее, ей пришлось обещать дать Каминской 2—3 стихотворения.    
АА: «Ну я ей дам одно...» — АА хочет отделаться стихотворением «Клевета», напечатанным в «Фениксе»...    
Наконец, Каминская приходит. Все делается, как было решено. Я ухожу.    
Иду к Вал. Кривичу, не застаю его дома, тогда иду на Малую, 63. Управдом дает мне домовую книгу, но о Николае Степановиче нет ничего. Есть только одна запись, касающаяся приезда А. И. Гумилевой. Иду на чердак дома. В мусоре и грязи роюсь часа 1 1/2 — 2. Нахожу одно стихотворение Николая Степановича — «Твоих единственных в подлунном мире губ» (на обороте листка рисунок) — и собираю целую пачку грязных, оборванных бумаг, не просматривая их внимательно. Грязный и пыльный, торжественно возвращаюсь к АА, предварительно захожу в ванную, моюсь...    
Наконец, вхожу к АА. У нее Н. Я. Мандельштам. АА удивлена моим долгим отсутствием и называет меня «пропавшей грамотой»... Я торжественно вынимаю всю грязную пачку, завернутую в тоже грязный кусок обойной бумаги. Говорю: «Это с чердака».    
АА быстро приподнимается на постели, поспешно схватывает пачку, кладет ее на постель и начинает ее рассматривать — перебирает все.    
Я прошу ее не пачкаться, говорю, что все это в таком ужасном виде...    
АА: «Ничего!.. Этот нищий будет богатым...»    
К моей печали, в этой пачке нет почти ничего интересного. Почти все эти бумаги не имеют отношения к Николаю Степановичу, и большую часть придется выкинуть.    
АА находит письмо от ее отца к матери (1911 г.)... Оставляет его себе.    
Затем я приношу АА воду, ставлю умыв. чашку на стул, и АА моет руки.    
Рассказывают мне о посещении Каминской.    
Каминская была отвратительна. Начала с того, что прочла рецензию о себе — глупо хвалебную, потом говорила, что у нее всюду такой успех! Потом сказала: «Я хочу Ваш вечер устроить, потому что мне сказали, что Ваши стихи будут иметь успех... Дайте мне материал».    
По этому поводу АА шутит — что сказал бы Сологуб, если б Каминская ему прочитала рецензию о себе (АА говорит медленно, не допускающим возражения тоном, подражая речи Сологуба):    
«Это дурной тон читать о себе... Если б Вы были настоящая артистка Вам бы не пришло в голову это сделать. Вы не настоящая артистка... Вы стоите на уровне окончившей среднее учебное заведение... Вот, вы знаете Пифагорову таблицу...» (и т. д.).    
АА при Каминской лежала, совсем как умирающая, одеяло натянула до подбородка и руки заложила за голову...    
Н. Я. смеется: «Чисто сделано было все...»    
АА тоже смеется, оправдываясь: «По-моему, я лучше, чем Сологуб, сделала...»    
Каминская говорила АА, что ее стихи она читает в полутемной комнате как будто садится в мягкое кресло, кутается в мех — такие интимные у АА стихи...    
АА: «А я ей сказала, что читаю стихи при полном освещении, выпрямившись и не закутываясь с мех!.. — и уже серьезно: — Так вообще нужно читать стихи...»    
АА говорит, что, в сущности, стихи вообще нельзя читать с эстрады, что нет таких стихов, которые можно было бы читать на эстраде...    
Затем опять шутки. Н. Я. изображает, как Э. Каминская будет читать стихи АА на вечере в Берлине. Скажет: «Я перед отъездом видела Анну Андреевну Ахматову. Она была умирающей и она читала стихи — может быть, в последний раз читала... Эти стихи я вам сейчас прочту. Очень интимный разговор был... Я, конечно, не могу вам передать его содержания, но очень интимный...»    
Затем АА рассказывает, что с Каминской она не виделась два года, когда у нее была такая встреча: в здании Р. К. П. (Нахимсона) на углу Фонтанки и Невского был вечер для пролетарской публики... АА выступала. Прочла немного стихов, а потом выступила Э. Каминская, тоже со стихами АА. Читала их бесконечно много, пока какой-то рыжий внушительный человек из публики среди всеобщей тишины громко сказал: «Довольно...» — и тут произошло уже совсем неловко... На эстраду вышел один из администраторов и начал укорять публику: «Товарищи! К нам п р и е х а л а з н а м е н и т а я п и с а т е л ь н и ц а, а мы даже не можем вести себя прилично!»    
АА: «Под этот шум и смятение я — совершенно оплеванная и уничтоженная ушла...»    
Другой случай был с Э. Каминской: она сообщила АА, что она совершенно больна, просит достать ей доктора. АА раздобыла доктора и вместе с Чуковским поехала к Каминской. Когда приехали, ожидая увидеть умирающего человека, и увидели Каминскую совершенно здоровой, — было неловко перед доктором. Чуковский сказал АА: «Вы слишком легковерны», — и они поехали назад.    
Сегодня Э. Каминская сказала, что она «позволила себе трактовать ""Памятник"" Пушкина по-своему, т. к. это не в серьезном тоне написано, а в шутливом, и так его и надо читать!..»    
Каминская была со своим сыном — от неизвестного отца. АА за смелость ее, с которой она водит всюду своего сына, уважает ее.    
Каминская сидела недолго, в общем. Пришел я к АА, с Малой, 63 в 7.15. Н. Я. до моего прихода переменила АА компресс, очень хорошо поставила.    
В 8 1/2 приходит О. Мандельштам (он сегодня уезжал в Петербург). Четверть часа сидят, а в 8.45 Мандельштамы уходят. Я сижу еще минут 20 и ухожу, чтоб с поездом 9.37 ехать в Петербург.    
Из разговоров удержалось:    
Я: «Это очень трудно — не быть одной все время?»    
АА отвечает, что времени, когда она одна, у нее достаточно.    
АА считает «Гондлу» лучшим произведением Николая Степановича. «Звездный ужас» — любит, считает хорошим произведением.    
«Отравленная туника» Анне Андреевне не нравится.    
«Актеон» АА, считавшая всегда совершенно обособленным произведением, после обдумываний и размышлений над ним в течение этих дней — склонна изменить свое мнение...    
Эльге Каминской цензура запретила читать «Заблудившийся трамвай» (на вечере, недавно устроенном где-то). Но публика требовала Гумилева, и она все-таки прочла «Заблудившийся трамвай», после чего ей было сказано, что об этом с ней еще поговорят...    
Пунин очень обижается, когда АА связывают (в биографии) с Николаем Степановичем...    
АА очень хвалит Н. Я. Мандельштам — что она симпатичная, милая и т. д.    
Я говорю, что стихотворение Пушкина «О, если правда что в ночи...» действует на меня особенно — что оно заклинательное...    
АА соглашается, и говорит, что оно гипнотизирует. Я говорю, что очень немногие стихи так действуют: например, в «Фамире» — то место: «Эвий, о Эвий, мольбой ты зван...» — у Мандельштама и т. д. — «Образ мучительный и зыбкий»... АА соглашается, и говорит, что это прекрасное стихотворение, и что она его очень любит.    
АА говорит о стихотворной памяти Сологуба и называет свое стихотворение, которое он с первого раза запомнил... Какое? Я забыл.    
АА просит, чтобы я в ее книжке проставил даты «Огненного столпа».    
АА, признавая, что Н. Тихонов способный, все-таки считает его эпигоном.",1925,Павел,Лукницкий,"Поэт, прозаик, журналист, собиратель материалов об Анне Ахматовой и Николае Гумилёве."
23,7,229690,205,"Мне хочется подвести итог того, что Юрий сделал за последний год, с момента исполнения симфонии 12 мая 33 г.<com id=""14882994194376""/> Месяц после того он пробыл в Москве и Клину, вернулся 4 июня, в день маминой смерти. Все лето он ничего не делал, это был разгар его романа; в конце лета написал песнь Каховского «К мечам, к мечам, с восходом дня»<com id=""14882994194377""/>. Эти стихи Одоевского я разыскала в «Дополнении» к стихотворениям Од. — и они легли в основу стихов А. Н. Толстого «Когда поток с высоких гор...». Должна сказать, что музыка этой песни мне не нравится, что-то в ней есть салонно-банальное.     
Целую зиму Ю. А. приводил в порядок 1 акт, конец и начало его переделал, написал последний хор девушек на слова народной песни: «Ах талан ли мой, талан таков». У Толст. была такая песня: «Идут, идут молодцы, ведут коней под уздцы...». Юрию хотелось, чтобы песня отражала тяжелое, подневольное состояние крепостных девушек. В песнях собрания Сахарова (1839) я нашла две, которые и соединила, добавив от себя одну лишь фразу, — вернее только последних два слова «во чужих людях рабою жить». Ни в одной песне я не нашла упоминания, даже намека, на крепостное право.     
           
>45.     
>Ах талан ли мой талан таков    
>Или участь моя горькая,    
>Иль звезда моя несчастная?    
>Высоко звезда восходила,    
>Выше светлова месяца    
>И затмило красное солнышко.     
>На роду ли мне написано,    
>На беду ли мне досталося    
>Во всю жизнь несчастье видети    
           
>Во чужих людях $$рабою жить$$    
> (жить умеючи)    
           
>Песня 43.     
>Ни в уме было,    
>Ни в разуме    
>Держать голову наклонную,    
>Ретиво сердце покорное<com id=""14882994194378""/>.     
           
Какие чудесные слова. Язык песен так же прекрасен, как стихи Пушкина, такая же музыка.     
Сдал он 1 акт к августу.     
В конце апреля или начале мая у нас провел два дня Атовмян. За утренним чаем при Ат. Юрий спросил меня, когда же мы едем в деревню, и на мой ответ, что вероятно к 1 июля, он раскричался: «Вы должны уехать к 1 июня, я не могу при них работать, они шипят за стеной!» Я ответила: «Как можем мы мешать, нас только двое осталось, и уж мы на цыпочках ходим, да и часто дома не бываем».     
Я уехала в конце июля и вернулись мы 30 авг. Весь август, по словам Старчаковых, он ничего не делал, [читал, гулял. Я просмотрела сцену заговора, которую, по его словам, он кончил, — ни одной ноты с прошлого года не добавлено. Большой театр его вызвал, и из рассказов Юрия я поняла, что он сумел им втереть очки].     
С места в карьер он начал шуметь, что Толстой не то делает, что надо; либретто не на высоте, оперу нельзя будет назвать «Декабристами», потребовал, чтобы Цявловский был приглашен консультантом, повез к нему Кубацкого, Юровского.     
Цявловский, как историк, конечно, со всем согласился, и цель была достигнута, пущена дымовая завеса, или попросту пыль в глаза. М. б. еще уверил, что готов второй акт.     
За последние два года Юрий ни разу не работал больше трех дней подряд. Молодежь, Кочуров и Арапов, говорили мне, что Ю. А. работает только при мне. И они заметили то, что я-то знаю.     
Мое присутствие заставляет его работать, за что он меня так остро ненавидит. Он сознает, что мне очков не вотрешь, что хоть я и молчу, но мне все ясно. Ходячая совесть за отсутствием своей собственной. Я понимаю, что за это можно возненавидеть, когда в самом себе нет импульса, императива к творчеству. Я думаю, что это неврастения, выработавшаяся благодаря отсутствию строгого воспитания с детства. Благодаря этому полное отсутствие выдержки, полная физическая распущенность. Я очень боюсь за Васю. Советская школа в нем не пробудила никакой жажды знания. Вася ничем не интересуется. Я взяла в деревню «Бесы», сама их перечитала, дала Васе — он боится Достоевского, до сих пор не прочел. Рисовать я его $$заставляю$$, а ведь способности у него незаурядные, и я знаю, что из него может выйти толк. Нету этой жажды познания, которая была во мне и в маме. Я не говорю, что бы у меня это было достаточно глубоко, я разбрасывалась, страдала ужасно за свое легкомыслие: как мы с Надей Верховской хотели осилить Канта, ей было 17, а мне 18 лет.     
А еще ругают институтское образование! Отсталость. Наша Maman фон Бюнтинг, консервативнейшая женщина, сумела нам дать таких профессоров, как Ф. А. Браун, Мандельштам, А. К. Бороздин, В. Ф. Шишмарев, Петри, С. В. Рождественский, который сейчас где-то находится avec Макар et ses veaux<com id=""14882994194379""/>. Помню, как она нам говорила про Шишмарева: «С’est un tout jeune savant, sa science lui tinte aux oreilles».<com id=""14882994194380""/> И этот очаровательный jeune savant всегда нам твердил: чем больше мы знаем, тем более понимаем, что ничего не знаем. Как бы это впрячь Васю в какие-то жесткие оглобли, которые бы заставили его работать и развиваться.     
Посоветуюсь с Кардовским. Я очень верю Дм. Н., человек он прекрасный. Очень уж я перегружена всякими хозяйственными тяготами, которые я ненавижу ото всей души. Петров-Водкин совершенно отрицает Кард. как педагога, отрицает талант Яковлева, Шухаева и всех кардовцев. Но у него самого ни одного талантливого ученика, воспринявшего его школу. Одна бездарная К. П. Чупятова. Сам Чупятов вполне самостоятелен, Дмитриев — декоратор. Остальные себя не проявили: Ел. Як. Данько сбежала из Академии художеств из-за Петров-Водкинской школы. Она мне рассказывала: душу воротит от необходимости рисовать коричневые листы бумаги синей краской.    
           
[…]<com id=""14882994194381""/>",1934,Любовь,Шапорина,"Художница, переводчица, создательница первого в советской России театра марионеток, жена композитора Ю. А. Шапорина. Свидетель блокады Ленинграда."
24,8,260687,1577,"«Сегодня был у меня И. Е. Мандельштам, после долгих странствований с приключениями достигший отечества в середине октября *[одно* *из* *приключений* *—* *потеря* *кошелька* *с* *железнодорожным* *билетом* *в* *Двинске* *и* *путешествие* *до* *Петербурга* *«зайцем»* *в* *«кондукторском»* *купэ* *за* *3* *р.* *50* *к.,* *уплаченных* *в* *Петербурге]*.    
Я просил Зинаиду Николаевну Гиппиус обратить внимание на его стихи и дать ему рекомендацию в «Русскую Мысль», т. е. к Брюсову. Сегодня он читал мне те из своих 44 стихотворений, которые он намерен послать ей. Их 10, все мною одобрены. 2 из них — см. на обороте этого листа. Второе, написанное в Ганге, посвящено мне. Первое написано в Лугано в 1910 г., 3-е в том же роде в Цейлендорфе:    
                              
>Неумолимые слова...    
                              
Еще он сказал мне, что, живя в Берлине, он хотел ответить на мои письма стихотворением, которое не удалось. Помнит из него три строфы:    
                              
>Я помню берег вековой    
>И скал глубокие морщины    
>Где, покрывая шум морской,    
>Ваш раздавался голос львиный.    
>И Ваши бледные черты    
>И, в острых взорах византийца,    
>Огонь духовной красоты    
>Запомнятся и будут сниться.    
>Вы чувствовали тайны нить,    
>Вы чуяли рожденье слова...    
>О том, что лишь тот умеет похвалить,    
>Чье осуждение сурово.    
                              
Приложены стихотворения: 1. «Когда мозаик никнут травы...»<com id=""1500663521145""/>, 2. «Убиты медью вечерней...»<com id=""1500663521146""/> Первое *[оно* *вошло* *в* *Собрание* *сочинений]* написано в Лугано, вероятно, в начале года, к моменту посещения Италии во время вакаций в Гейдельберге; оно отражает религиозные переживания от первого непосредственного соприкосновения с католической церковью; ср. стихотворение «В изголовье Черное Распятье...», приводимое в записи от 21.11.1911.    
Из записи Каблукова следует, что это он просил З. Н. Гиппиус рекомендовать Брюсову стихи Мандельштама и что Мандельштам не пошел к ней со стихами, а послал их. Между тем, вот что писала Гиппиус Брюсову через день после этого, 26 октября:    
«Некий неврастенический..., который года два тому назад еще плел детские лапти, ныне как-то развился, и бывают у него приличные строки. Он приходил ко мне с просьбой рекомендовать его стихи вашему вниманию. Я его не приняла *[уж* *очень* *он* *усланный]*, но стихи велела оставить, прочла и нахожу, что «вниманию» вашему рекомендовать я их могу, а что вы дальше с ними будете делать - это меня уже не трогает, и вы лучше знаете. У него в прошлом году были в «Аполлоне» тоже ничего себе стихи. В этих, на мой взгляд, много невыдержанностей, и «роковисто», но попадаются недурные строки». *[Приходится* *переводить:* *«устанный»,* *т.* *е.* *надоедливый,* *утомительный;* *«роковисто»* *намекает* *на* *частое* *употребление* *Мандельштамом* *в* *стихах* *той* *поры* *слова* *«роковой»,* *что* *справедливо.]*    
Оставляя в стороне оценку стихов, все остальное - очевидная мистификация Гиппиус, вплоть до «ошибки памяти», когда именно были напечатаны стихи Мандельштама. Еще более выдуманные подробности, начиная с портрета, сообщает Гиппиус в своих воспоминаниях о Брюсове *[однако* *при* *жизни* *Мандельштама!]*: «Кто-то прислал ко мне юного поэта, маленького, темненького, сутулого, такого скромного, такого робкого, что он читал еле слышно... кто его прислал, не помню *[может* *быть,* *он* *сам* *пришел]*... стихи его были далеко не совершенны, и мне все-таки, с несомненностью, показалось, что они не совсем в ряд тех, которые приходится десятками слушать каждый день ... вызываюсь *[в* *первый* *раз* *в* *жизни,* *кажется,* *без* *просьбы]* где-нибудь напечатать стихи: «в «Русской Мысли», например; я пошлю их Брюсову»<com id=""1500663521147""/>. Во всем этом нельзя было бы ничего понять, если бы не подлинный рассказ Н. Я. Мандельштам во второй книге ее воспоминаний. Вот он:    
«Однажды Мандельштам без всякого предупреждения пришел к Мережковским. К нему вышла Зинаида Гиппиус и сказала, что, если он будет писать хорошие стихи, ей об этом сообщат; тогда она с ним поговорит, а пока что не стоит, потому что ни из кого не выходит толку. Мандельштам молча выслушал и ушел. Вскоре Гиппиус прочла его стихи и много раз через разных людей звала его прийти, но он заупрямился и так и не пришел. *[Точно* *передаю* *рассказ* *Мандельштама]*. Это не помешало Гиппиус всячески проталкивать Мандельштама. Она писала о нем Брюсову и многим другим...»    
Известна и примерная дата этого первого и последнего визита Мандельштама. В письме к М. А. Волошину из Гейдельберга в 1909 г. он жалуется между прочим на Мережковского, «который на этих днях, проездом в Гейдельберг, не пожелал выслушать ни строчки моих стихов». 2 октября Мережковские были уже в Петербурге, так что эпизод имел место где-нибудь в конце сентября. Имя Д. С. Мережковского здесь названо, очевидно, из вежливости перед Гиппиус.    
Пример З. Н. Гиппиус, позволяющей себе заочно мистифицировать реальные человеческие отношения, не единичен в кругу символистов. Когда-нибудь появятся в печати воспоминания М. А. Волошина, относящиеся к истории их разрыва с Мандельштамом в 1920 г., в которых картина происшедшего будет совершенно неузнаваемой. То же, увы, приходится сказать о некоторых, по крайней мере, страницах воспоминаний Андрея Белого *[например,* *в* *«Начале* *века»* *о* *том,* *что* *это* *он* *«сочинил»* *для* *Гумилева* *программу* *и* *название* *акмеизма]*. Объяснить это на основании личных свойств каждого, не входя в область «исторических феноменов», нельзя. Нелишне, может быть, высказать предположение, что разрыв Гумилева, Ахматовой и Мандельштама с символистами проходил и по линии всегда возможной фальсификации последними живого человеческого опыта *[«памяти»]*, в чем сказывалось действие сил, подрывавших индивидуальное самосознание интеллигентской элиты и ее способность к историческому сопротивлению. По отношению к этим силам «преодолевшие символизм» выступали принципиальными индивидуалистами. *[Характерно* *оброненное* *однажды* *Н.* *Я.* *Мандельштам* *замечание:* *«По* *Бердяеву,* *элита* *отказывается* *от* *добра* *и* *зла,* *символисты.* *Революционеры* *служат* *добру* *релятивно.* *Между* *ними* *стоят* *акмеисты»].*",1910,Сергей,Каблуков,"Религиозный и общественный деятель, связанный, главным образом, с Религиозно-философским обществом в Петербурге."
25,8,85240,323,"Кое-как дотянул до завтрашней пенсии, хотя потратил много лишнего. С утра убирал кухню, потом работал над переводом. Переписал 4-ю главу «Обезьянки». Перед вечером по небу проносились мелкие перистые облака. Под впечатлением как-то сразу написал стихотворение, полное раздумий о жизни. По радио слышал концерт немецких артистов, в частности, хор из «Инденбергских мастеров» Вагнера и Фантазию «на тему радости» Бетховена.",1979,Владимир,Швец,"Композитор, музыкальный педагог, учитель музлитературы школы имени проф. П.С. Столярского."
26,8,72923,141,"Сегодня 5 часов я просидел в читальне — и все это время ушло на подготовку к урокам арифметики! Только в конце успел просмотреть стихи Державина и, вопреки обычному представлению о «льстивом царедворце Фемиды», открыл в нем честного и смелого сатирика, дипломатически облекающего свое сатирическое жало в непроницаемую броню похвал императрице. После напряженно безостановочного чтения арифметических курсов почувствовал страшное утомление, до головной боли. Успел заехать к Н.Н. за иностранными газетами и — на урок. Я недоволен сегодняшним уроком, недоволен собою: не мог скрыть досады на поверхностные (ведь поневоле!) занятия с Н., на его ожесточенность и отсутствие живого интереса к работе (ведь это так понятно — в условиях его жизни!), и это передавалось в тоне моих объяснений. Надо убивать эти чувства Николая противоположными, а не поддаваться им. И все-таки я не могу вполне оправдать его: его жизнь тяжела, нет слов, заниматься ему трудно, что и говорить; но надо иметь больше выдержки и силы воли — если внешние условия убивают самую жажду знания, — значит, невелика эта жажда!..    
После урока я думал заняться подготовкой к завтрашним занятиям с Соней (введение об Аксакове) и с Мар. Ал. (по теории арифм[етики]); к сожалению, вся моя программа разбилась: по телефону сообщили о несчастии с братом Алекс. Ник., (упал с аэропланом), и я, уже ночью, поехал к ней на Клязьму передать это известие. Но она приняла его довольно безразлично и, кажется, больше всего была огорчена предстоящей потерей времени.",1911,Николай,Дружинин,"Историк, специалист по социально-экономической и политической истории XIX века. Академик АН СССР (1953)."
27,9,333350,763,"Мне что-то снилось, не припомню что, но проснулся я с чудесным ощущением... Казалось, скоро попаду домой.    
Чем ближе к дембелю, тем трудней терпеть. Тем мучительнее все становится...    
Смотрели фильм Арипова «Тайна предков» — говно, но довольно культурно с точки зрения режиссуры. Или я уже совсем одичал?    
Сегодня вспомнил смешную фразу Орешкина. Когда прощались на аэродроме, он сказал: «Мы вас любим, хотя и узнали». Этот афоризм был очень к месту.    
Вчера вечером случилась смешная история. Вернулся Володя из гостей — чистый, трезвый, только ужасно расстроенный. Пошли они втроем к медичкам, Гена, Женя и он. И вот Володя нам рассказывает:    
— ...Я женщинам стихи читаю, пою им, танцую! Ребята сидят. А потом встают и уводят всех баб, которых я так долго охмурял! Главное, я знаю, что нравлюсь им я именно! Медички сами это говорят! А ребята берут — уводят и е...т их! Гады! Как это ужасно! Предатели!.. Ну, ничего. Вот я напьюсь и покажу им.    
И ушел спать грустный.    
Днем я решил позвонить в Москву Саше. Почему-то сначала решил, что телефон назвал ошибочный, и перезвонил, продиктовал другой и как раз ошибся. Попал к Фрумкину. Представляю, каково было его удивление! Услышать мой голос в 3 часа ночи, с Камчатки. Тем не менее, поговорили.    
Все же потом я дозвонился до Саши. Как приятно слышать его голос и вообще узнавать от него разные новости.    
От похода я несколько уже очумел, говоря честно. Как бы попасть в Москву, и поскорее?    
Мне кажется, мало кто любит Достоевского по-настоящему, то есть не извлекая для себя той или иной мгновенной выгоды. Думается даже, что такие, как Илья Глазунов, любят Достоевского лишь потому, что находят в этом гении оправдание своей беспринципности и мелкости, которые им видятся теперь особой глубиной, той противоречивой сложностью и неустроенностью, которая была в этом «опасном гении».",1973,Никита,Михалков,"Кинорежиссёр, актёр, сценарист и продюсер. "
28,9,269887,182,"Пятница. Был у преждеосвященной обедни в Никол[аевском] кавалерийск[ом] уч[или]ще. Вошел, когда все стояли на коленях: три юнкера пели на солее «Да исправится». Я узнал по затылку юнкера Бобошку, будущего лейб-улана. Г овеют, занятий нет; обходил лазарет, где серьезно болен плевритом Офросимов, эскадрон и сотню, непринужденно говорил со многими юнкерами. Один, казак Муженков, наконец, вручил мне тетрадь своих стихотворений; еще на Дону, кадетом, он мне показывал свои стихи. Я дома просмотрел эти новые произведения: они более, чем плохи. Заезжал на экзамен из геометрии в женские курсы.    
Бутовский прислал мне составленный им по моему поручению проект доклада, кот[орый] я намерен тайно подать Государю ранее, чем представить Куропаткину журнал заседания Педагогическ[ого] комитета Гл[авного] Управления о пересмотре статей закона относительно переводов неисправимых кадет из корпуса в корпус и в Вольскую школу. Этот журнал, вероятно, вызовет новое столкновение со мной воен[ного] министра, в предупреждение чего я и хочу подать доклад Государю. Проект Бутовского сам переделаю по-своему. Обедал у Измайловцев. Был в зале Тенишева на лекции француза Сегара о Поле Буржэ. Потом работал над бумагами.",1902,Константин,Романов,"Член Российского Императорского дома, генерал-адъютант, президент Императорской Санкт-Петербургской академии наук, поэт, переводчик и драматург."
29,9,35171,100,"Вчера была среда — мой день, и принес он мне большую радость, праздник, как говорится, души. Я читал стихи сына Володи — Аркадия Высоцкого и до слез был тронут их чистотой, добротой и поэтической тоской, и неозлобленностью, и отсутствием поэтического и человеческого тщеславия. Был рад за него, как за сына, тут же позвонил его матери («Люся, твой сын замечательный поэт!»), тут же отвез стихи в «Юность»…",1984,Валерий,Золотухин,"Актёр театра и кино, художественный руководитель Театра на Таганке."
30,10,263035,1603,"Наша дружба с Женей началась 28 февраля 1925 года. Это я записываю себе на память.    
Голубева Шура,17лет.    
       
>Бери от жизни,    
Все, что хочешь.    
Бери хоть крохи от нее.    
Ведь жизнь на жизнь     
Ты не помножишь,    
А дважды жить не суждено.    
      
#### НА ПАМЯТЬ ВЕЧНУЮ ШУРЕ ОТ КОЛИ ЛОЖКИНА.    
>Вы хороши и авантюрны,    
Прекрасны, милы и добры,    
Но для меня ничуть не важны,    
По мне хоть чорт вас побери!    
Николай Ложкин.    
        
Это написано рукой Ложкина на вырванном листе. Ниже стихотворения рукой Шуры Голубевой запись: Колька Ложкин — дурак, это он вырвал лист небрежно и написал всякую гадость.    
        
Я гулять не нагуляла,    
Только начудесила,    
У мамаши на крылечко     
Люлечку повесила.",1925,Александра,Голубева,Работница фабрики. Самоубийца.
31,10,398400,1904,"Утром поехал на улицу Наташи Качуевской. Здесь, на бывшей Крестовоздвиженской улице, в доме Вихмана одно время жила семья Велимира Хлебникова. Сегодня в 10.30 утра состоялось открытие мемориальной доски на этом доме. Погода неважная, изморось и легкий туман. Вскоре на машинах приехали наши писатели и гости. У всех в руках цветы, которые и положили на небольшом подиуме под мемориальной доской. Николай Травушкин поздравил всех с замечательной датой и рассказал, как Хлебниковы жили в этом доме.    
К 11 часам направились на митинг, посвященный открытию улицы Хлебникова (прежде переулок Каховский). Честь открыть мемориальную доску на двухэтажном каменном доме выпала поэту Михаилу Дудину и Адихану Шадрину. Когда спало белое покрывало, увидели доску из серого мрамора. На ней золочеными буквами вы-    
бито: «Улица Хлебникова названа в 1985 г. в честь русского советского поэта Велимира Хлебникова. 1885-1922».    
Вечером был в драмтеатре на вечере, посвященном 100-летию со дня рождения Хлебникова. Ярким, проникновенным словом открыл вечер председатель юбилейной комиссии поэт Михаил Дудин. Затем выступили критик Станислав Стефанович Лиснев-ский, украинский поэт Иван Федорович Драч, грузинский поэт Михаил Георгиевич Кле-видзе, азербайджанский поэт Фекрет Садых, калмыцкий поэт Давид Кугультинов. Он только что прилетел сегодня в Астрахань. Был в Индии. Он начал выступление так:    
— Когда выступал Дудин, Шадрин толкнул меня в бок — о чем будешь говорить? Михаил Александрович о калмыках все сказал. Если бы Хлебников был связан только с калмыками! А ведь он волшебник слова. Возьмите алмаз и графит. Ведь от небольшой перестановки молекул графит превращается в алмаз. Так же и слово. Одна небольшая приставка, и слово неузнаваемо изменится. А цифры! Для Хлебникова они мысль, волна. Поразительный гений Хлебникова еще требует изучения. Некоторых исследователей он ставит в тупик. И как тут не вспомнить слова художника Нестерова: «Талант всегда неудобен. Старайтесь понять его».    
Затем состоялся концерт мастеров искусств. Виктор Персик читал стихотворения Хлебникова в сопровождении симфонического оркестра. Исполнялись произведения Александра Блинова, выступали певцы.    
Когда уже концерт заканчивался и закрылся занавес, на сцену выскочила девушка в черной хламиде со звездами, подхватила микрофон и крикнула в зал:    
— Подождите, я прочту вам стихотворения Хлебникова, которые здесь не читали!    
И стала читать стихи поэта. Потом она зажигательно доносила до слушателей свои стихотворения, посвященные Велимиру. Но администрация театра отключила микрофон. Она продолжала читать, ей аплодировали. Отключили свет, она продолжала декламировать.    
Произошел неприятный разговор зрителей с работниками культуры, которые не желали ее выступления.    
А девушка, которая бросила вызов чиновничьему официозу, была студентка из Барнаула Фарида Гадраупова.",1985,Александр,Марков,Писатель-краевед.
32,10,156218,172,"+5°. Воскресенье. День именин Нади, Веры. Жена утром спокойно спала, проснувшись, сказала, что чувствует себя лучше. Температура 37,5°. Был за литургией у Богоявления, прекрасно было спето красивое «Верую» Кастальского, торжественно звучало «Хвалите Господа» Чеснокова (причастный стих). Вернувшись, нашел жену бодрою, она выпила с ½ чашки бульона; я обедал, чай пил у ее кровати. Заходила Таня Кочурина. Вечером ставили клизму; температура 38,4°. У Лотушки был бред, говорила мне, что сейчас читала книгу Рубинштейна и делала заметки. Потом говорила мне, что у нее вынули из живота кишки и положили в столовой на печку. Несмотря на такое состояние, у нее появился аппетит, выпила чаю и съела сухарь, макая в чай. Заходила: А.Д. Богуславская и О.И. Зауер, но я их не пустил к жене.    
",1928,Алексей,Орешников,"Сотрудник Исторического музея, специалист по русской и античной нумизматике."
33,11,234295,1006,"Я начинаю свой дневник, потому что чувствую, что пришла пора сделать это. Для кого? Для вас, мои дети, а может быть и внуки, если вам это будет интересно.    
Вы не слушали меня и не читали моих стихов, когда я их писала. Я не в обиде. У вас свои интересы, своя жизнь, которую я тоже не знаю. Но когда-нибудь я с вами расстанусь навсегда. И, может, тогда вам захочется понять, какой же была ваша мать? Вы начнете читать мои стихи (надеюсь) и многое вам будет неясно. Я не хочу, чтобы у вас сложилось обо мне неверное представление. В этом дневнике я открою вам свою душу, свой внутренний мир.    
Итак, в моей голове давно, еще с юношеской поры, зрел роман. Он переделывался многократно, обрастал новыми сюжетами, пока наконец я не начала писать его. В августе прошлого года мой начальник по работе был в отпуске, никто не мог мешать мне, и я на компьютере начала работу над первой частью романа. Название роману я дала «Элизабет». Это красивая сказка об американской золушке. Почему американской? Да просто потому, что у нас в России такой сказки быть не могло. В России нет миллионеров, а те, что сейчас, может быть и появились, эти новые русские, они все сволочи и не могут стать героями моего романа.    
Сюжет я пересказывать не буду. Сейчас уже готова первая часть. Нужно написать еще две. Для вас, мои дети, мои мальчики, этот роман будет неинтересен, он из числа «дамских» романов. Но может быть, у вас будут девочки, вот они его прочитают.    
Одно только я считаю немаловажным, что повлияло на мою судьбу и дало толчок к написанию стихов, это то, что один из главных героев моего романа сам сочинял песни, т.е. и стихи, и музыку к ним.    
«Но как же так, – думала я, – герой пишет стихи, а ни одного стихотворения в романе нет». Эта мысль угнетала меня месяца два, пока, наконец, в мою бедную голову не пришел он – МОЙ ПЕРВЫЙ СТИХ. Это был стих «Элизабет».  
### **«Элизабет»**    
          
>Я сгораю в огне от любви,    
>Я приду, только ты позови.    
>Ты во сне снилась мне столько лет,    
>Ты мечта моя, Элизабет.    
          
>Я хотел бы стать твоей судьбой,    
>Я хотел бы быть всегда с тобой,    
>Оградить тебя от всяких бед,    
>Ты любовь моя, Элизабет.    
          
>Ты прекрасна, как ангел земной!    
>Я молю: будь же рядом со мной!    
>Ты во тьме для меня яркий свет,    
>Ты звезда моя, Элизабет.    
          
>Но нельзя повернуть реки вспять,    
>На другого ты смотришь опять,    
>И ему скажешь - «Да» ты в ответ.    
>Ты печаль моя, Элизабет.    
          
Когда этот стих у меня родился в голове (это в октябре 95 года), я была потрясена.    
Я его записала. Но одного мне показалось мало, и буквально на следующий день родился второй.  
### **«Моя** **королева»**    
          
>Все желанья исполню твои    
>С восхищеньем, прекрасная дева,    
>Только взгляд ты мне свой подари,    
>Я слуга твой, моя королева!    
          
>Ты скорее меня позови,    
>Ты услышишь мои напевы,    
>Буду петь я тебе о любви,    
>Я твой бард, моя королева!    
          
>На коленях стою пред тобой,    
>Я Адам твой, а ты моя Ева,    
>Так узнай же мою любовь!    
>Я твой рыцарь, моя королева!    
          
>Я измены тебе не прощу,    
>Лишь узнаю я с кем ты и где вы,    
>Я в темницу тебя заточу!    
>Я король твой, моя королева!    
          
«Это хорошо, – подумала я, – теперь эти два стихотворения войдут в роман». Это придаст достоверности написанному, что герой действительно сочиняет стихи и пишет к ним музыку. Хорошо, что в книгах не должна звучать музыка, а то я не знаю, что бы я тогда делала. Пришлось бы, наверное, идти в музыкальную школу.    
Я была довольна. На этом успокоилась. Но, видимо, раз познав власть над словом, уже нельзя было остановиться. А может это было предначертано сверху, чтобы я как в омут с головой бросилась в стихи. Словно кто-то толкал меня (и до сих пор толкает): Пиши!    
Итак, в октябре, когда мне было еще 42 года, я начала писать стихи. Страстно, с упоением, словно наверстывая то упущенное в молодости время.    
Дня не было, чтобы в голове не родился какой-нибудь опус, хороший или плохой – не мне судить. Но они мне все дороги, потому что каждому из них я не переставала удивляться, считая случившееся Божьим даром. А если какой-то день был без стиха, то в следующий могло быть два. Рекордным был один день в ноябре, когда у меня родилось сразу 8 стихов.    
Сейчас, спустя 11 месяцев, у меня уже 400 стихов, может чуть больше или чуть меньше, но где-то так.    
Я пробовала бросить писать (это было в прошлом году где-то в ноябре), не думать о стихах, о рифме, если какая-то мысль вдруг приходила в голову. Но «продержалась» я так дня четыре и не выдержала. Снова начала писать. Это как наркотик.    
А третьим моим стихом была «Реклама». Раньше в советские времена мы смотрели фильмы по телевизору без прерывания на рекламу, а теперь эта реклама просто достала, каждые 10 минут и длительностью минут по 5. Это очень непривычно было для зрителей и очень раздражает. Меня достала та реклама, которую крутили по 10 раз за фильм. Не столько фильм смотришь, сколько рекламу. Теперь вроде поменьше крутят, а тогда в 95 году – то был кошмар.  
### **«Реклама»**    
          
>Пейте «херши» без страха вы –    
>Нет воды той вкусней.    
>Жуйте «Орбит» без сахара –    
>Зубы будут целей.    
          
>Все используйте памперсы,    
>У кого энурез,    
>Не забудьте про тампаксы,    
>Лучше с ними, чем без.    
          
>Будет очень все круто -    
>В банке «Империал»    
>Ты храни всю валюту,    
>Что ты наворовал.    
          
>«Милки вэй» утром скушай,    
>Что в раздумье стоишь,    
>А к обеду, послушай,    
>Ты уже замычишь.    
          
>Джинсы «Джордаш» купи себе,    
>Чтоб прикрыть голый зад,    
>А в придачу два Сникерса,    
>Будешь ты очень рад.    
          
>Сможешь ты, дело времени,    
>Денег вновь подкопить,    
>Куртку бабе беременной    
>В «Торгограде» купить.    
          
>Если хочешь уснуть ты –    
>Подмигнул тебе глаз,    
>Выпей водки «Распутин»,    
>Ты отрубишься враз.    
          
>Нам реклама успешно    
>Может, надо сказать,    
>Лапшу на уши вешать    
>И мозги полоскать.    
          
>Жить спокойно нам хочется.    
>Так скажу: «Господа!    
>Надоела до чертиков    
>Эта вся ерунда!»",1996,Татьяна,Колина,"Экономист, бухгалтер. Дневник ведет с 1996 года."
34,11,364514,991,"10 марта я поздравила по чату одного своего знакомого стихами. Ответа от него много дней не было. Потом он разразился бранью, что я не там написала поздравление, несколько раз назвал меня тупицей. И это мужчина, получивший вот такие стихи в подарок прямо в день рождения:    
>Поздравлять приходиться так рано.    
>На душе не зарастает рана:    
>Как давно не виделись мы с Вами.    
>Ничего! Отделаться стихами    
                      
>Можно ведь. Они заменят встречу.    
>Поздравляю! Мне хвалиться нечем.    
>Как Вы поживаете? Мне всё же    
>Хочется сказать... А что? Не гоже    
                      
>Сыпать рифмами. Мне легче прозой    
>Изъясняться. Я дарю Вам розы.    
>Вы всегда добры, умны, как прежде.    
>Я банальна. Что ж — простим невежду.    
                      
>10 марта 2016 г.    
                      
Это экспромт, почти шутка человека, иронизирующего над собой. Какое решение следует принять после такого экзерсиса старого знакомого, который помогал мне кое в каких житейских делах, и я всегда платила ему деньги, если он помогал мне при перевозке или переносе мебели, человека, с которым я никогда не ссорилась?",2016,Галина,Ларская,"Певица, художница, поэтесса, преподаватель фортепиано, выпускница дирижёрско-хорового отделения Музыкального училища им. Октябрьской революции. Друг [В.И. Поветкина](http://prozhito.org/person/980)."
35,11,229263,818,"Встал в 10 ч. Делал, как всегда уроки. Их не много не мало. В газетах опубликован % голосов поданных за блок коммунистов и беспартийных. 98,6% по Союзу. На немецком проходили виды числительных. На литературе читали стихи Бедного. На грамматике спрашивали. На физике проходили типы динамомашин. Истории не было. Аси сегодня в школе не было. После 4го урока я решил к ней зайти. Зашел — у нее оказывается небольшое желудочное заболевание. Наверно объелась чего нибудь. Посидел минут 5, мешала и мама, которая была тутже. ~~Но вообщем~~ Я у нее на квартире второй раз. Пошел в школу на собрание членов Осоавиахима. Я не захотел приниматься, т.к. там были и некомсомольцы. Вечером мне надо было съездить на Смоленскую площадь взять у Зинаиды Васильевны Ермаковой билет в театр. Поехал на метро, проехал за Смоленскую еще раз полюбоваться Киевской станцией. На обратном пути тоже ехал с пересадкой на ул. Комминтерна, прошел с этой станции на ст. «Библиотека им. Ленина». Вообщем немного погулял. Лег в 12.",1937,Олег (Чинар),Черневский,В 1930-е гг. — учащийся московской школы.
36,12,82251,134,"Проснулись с Прошей, перекусили, и он лег спать, а я переписывал старые свои стихи. Левка Нусберг с ребятами вернулся из путешествия, проделав на машинах ок. 4000 км. Мы говорили по телефону. Ходил я за молоком, встретил товарища детства Вальку Плуталова. Читал Ф. Глинку, Проша спит. Ирка ездила с Белинковыми в магазин новобрачных, она себя неважно чувствует. Я гулял с Прошей, написал стихотворение «Огородная отрыжка…».",1965,Михаил,Гробман,"Российский и израильский поэт и художник. Один из лидеров, теоретик и идеолог Второго русского авангарда."
37,12,82222,134,"Были с Машей Воробьевой и Иркой у Эрнста Неизвестного, он показывал свой «храм науки» и рисунки к Данте. Толя Брусиловский красит ему макет «храма» и был, кажется, недоволен, что мы его за этим видели. Потом мы (я, Ирка, Маша, в сопровождении) гуляли по улицам, были в Музее народного искусства на Петровке, перекусили в кафе и распрощались у метро «Маяковская». Дома Ирка мерила платья, варила щи и кашу овсяную, я читал вслух стихи, смотрел альбом «Американская графика».",1965,Михаил,Гробман,"Российский и израильский поэт и художник. Один из лидеров, теоретик и идеолог Второго русского авангарда."
38,12,2711,10,"Прежде всего — эти дни: письмо от милой с торопливыми и сухими вопросами о лете. Я стал было отвечать, но разнервничался, не ответил еще. Так тянется, тянется непонятная моя жизнь.  
17-го обедал с мамой и Францем у тети, 18-го был в «Сирине», мы с Алексеем Михайловичем, не дождавшись Терещенки, ходили, прошли весь Невский, говорили о Станиславском, когда с ним увидимся, о занятиях для наших жен. — Вечером пошел я в цирк, почти заснул с тоски и отвращения. С борьбы, которая когда-то казалась мне великолепной, я ушел, задолго до конца.  
19-го — днем в «Сирине», М. И. Терещенко, потом приехали Пелагея Ивановна и Елизавета Ивановна, вместе отвезли меня домой. Пелагея Ивановна.  
После обеда, на холодном закате, я снес письмо К. С. Станиславскому с просьбой выслушать «Розу и Крест» в присутствии А. М. Ремизова только.  
Потом — у мамы, Женя и Гущин наскакивают друг на друга как петухи, ничего взаимно не понимая, Веригина болтает свое, женское, Олимпиада Николаевна киснет, Франц спит. Взял у мамы «Опавшие листья» Розанова, экземпляр М. П. Ивановой с надписью. Читаю и на ночь и утром 20-го.  
20-го. Позвонил Городецкий — о векселях. Я спрашивал его о Вяч. Иванове, об Италии. Он опять привез «итальянские стихи». Вяч. Иванов еще более ругал его (в Риме), чем я. Ребенок у него большой и здоровый. Вчера, говорит, в «цехе» говорили об И. Северянине и обо мне. Васе Гиппиусу нравится «Роза и Крест». В акмеизме будто есть «новое мироощущение» — лопочет Городецкий в телефон. Я говорю: зачем хотите «называться», ничем вы не отличаетесь от нас. Он недоволен тем, что было столько «шуму и злобы». Я говорю: главное, пишите свое. Он согласен.  
Потом звонила m-me Копельман и говорила, что теперь курсистки заняты экзаменами, так что лучше отложить чтение «Розы и Креста» до осени.  
В это время посыльный принес необыкновенно милый ответ от К. С. Станиславского. Может быть, он придет завтра слушать «Розу и Крест»…  
Все утро прождал я К. С. Станиславского. В 1-м часу позвонил он: жар, боится, послал за градусником, будет сидеть дома, может быть — завтра. В 1 час пришел А. М. Ремизов, дал я ему цветной капусты и ветчины.  
Поразил меня голос Станиславского (давно не слышанный) даже в телефоне. Что-то огромное, спокойное, густое, «нездешнее», трубный звук.  
М. И. Терещенко волновался, говорит Алексей Михайлович, пожалуй, подозревает, что Станиславский не хочет…  
Как всегда, вокруг центрального: пока ждал Станиславского, звонок от Зверевой, которая хорошо знает одного из режиссеров студии Художественного театра — *Вахтангова.* Хочет познакомиться, хочет ставить «Розу и Крест» с «любым художником — Бенуа, Рерих» (!!??). Это — через третьи руки, и этот «бабий» голос. Нервит и путает. Нет, решаю так:  
Пока не поговорю с Станиславским, ничего не предпринимаю. Если Станиславскому пьеса понравится и он найдет ее театральной, хочу сказать ему твердо, что довольно насмотрелся я на актеров и режиссеров, недаром высидел последние годы в своей мурье, никому не верю, кроме него одного. Если захочет, ставил бы и играл бы сам — Бертрана. Если *коснется пьесы его гений,* буду спокоен за *все* остальное. Ошибки Станиславского так же громадны, как его положительные дела. Если не хочет сам он, — я опять уйду в «мурью», больше никого мне не надо. Тогда пьесу печатать. А Вахтангов — самая фамилия приводит в ужас.  
Буду писать до времени — про себя, хотя бы и пьесы.  
Современный театр болен параличом — и казенный (Мейерхольд; ведь «Электра» прежде всего — *БЕЗДАРНАЯ ШУМИХА).* Боюсь всех Мейерхольдов, Гайдебуровых (не видал), Обводных каналов (Зонов не в счет), Немировичей, Бенуа…  
Пишу милой. Письмо мое — нервное, обиженное, а вечером — так ее жалею, и кроватку крещу, господь с тобой, милая.",1913,Александр,Блок,"Поэт, классик русской литературы XX столетия."
